Id	SPICE_S_Iso_SRR11815240	SPICE_S_Iso_SRR11815251	SPICE_S_Iso_SRR11815261	SPICE_S_Iso_SRR11815273	SPICE_S_Iso_SRR11815274	SPICE_G_Crd_SRR11815268	SPICE_G_Crd_SRR11815269	SPICE_G_Crd_SRR11815270	SPICE_G_Crd_SRR11815271	SPICE_G_Crd_SRR11815272	norm.SPICE_S_Iso_SRR11815240	norm.SPICE_S_Iso_SRR11815251	norm.SPICE_S_Iso_SRR11815261	norm.SPICE_S_Iso_SRR11815273	norm.SPICE_S_Iso_SRR11815274	norm.SPICE_G_Crd_SRR11815268	norm.SPICE_G_Crd_SRR11815269	norm.SPICE_G_Crd_SRR11815270	norm.SPICE_G_Crd_SRR11815271	norm.SPICE_G_Crd_SRR11815272	baseMean	Isolated	Crowded	FC	log2FoldChange	pvalue	padj	tagwise.dispersion	trended.dispersion
LOC126305061	366	394	614	424	509	2	0	1	1	2	417	454	446	340	462	3	0	1	1	5	212.76	424	2	0.004	-8.157	5.05439451651007e-65	5.70590596968822e-61	0.0976	0.1385
LOC126353962	693	1788	6575	4291	1755	11	24	61	64	11	790	2059	4775	3446	1592	14	26	55	49	26	1283.09	2532	34	0.014	-6.189	1.00080741057667e-28	2.8245287145e-25	0.232	0.1543
LOC126292048	55	56	94	58	88	0	1	1	4	2	63	64	68	47	80	0	1	1	3	5	33.16	64	2	0.029	-5.088	3.41711034816835e-20	7.71515174409449e-17	0.1636	0.2368
LOC126284279	20	23	34	52	53	1	0	0	0	0	23	26	25	42	48	1	0	0	0	0	16.51	33	0	0.011	-6.562	1.9967869655644e-17	3.22024686489378e-14	0.1974	0.2461
LOC126334877	4828	1886	1239	1342	445	107	158	94	165	42	5501	2171	900	1078	404	137	173	85	127	99	1067.31	2011	124	0.062	-4.016	1.26700911207309e-12	1.02166184758522e-09	0.2987	0.1476
LOC126292013	256	675	1139	653	739	36	85	126	222	18	292	777	827	524	670	46	93	114	171	42	355.66	618	93	0.153	-2.71	2.73365749290749e-11	1.62422418091751e-08	0.1708	0.1241
LOC126293744	329	273	474	212	245	83	21	36	51	17	375	314	344	170	222	106	23	33	39	40	166.65	285	48	0.169	-2.568	5.70253235414419e-10	2.79895164112755e-07	0.1732	0.1526
LOC126284704	915	429	894	1068	812	108	52	237	329	21	1043	494	649	858	736	138	57	214	254	49	449.14	756	142	0.19	-2.396	1.25528002496105e-08	5.45032930837896e-06	0.1891	0.1246
LOC126271905	102	104	250	308	154	15	11	54	20	20	116	120	182	247	140	19	12	49	15	47	94.69	161	28	0.174	-2.524	1.64006632298826e-08	6.85729952600536e-06	0.1961	0.1924
LOC126335646	9307	1854	1448	1370	937	306	396	123	273	61	10604	2135	1052	1100	850	391	433	111	210	143	1702.8	3148	258	0.082	-3.61	5.14838550508732e-08	2.05959767901731e-05	0.4279	0.1649
LOC126354633	706	438	658	1048	723	218	150	206	283	29	804	504	478	842	656	278	164	186	218	68	419.83	657	183	0.28	-1.835	1.02819847179883e-07	3.62729142129283e-05	0.1311	0.1241
LOC126353961	24	132	448	178	90	12	15	27	39	6	27	152	325	143	82	15	16	24	30	14	82.95	146	20	0.14	-2.834	1.620919978174e-07	5.38193106870773e-05	0.2868	0.2008
LOC126281860	385	30	681	1071	26	42	7	9	11	8	439	35	495	860	24	54	8	8	8	19	194.8	371	19	0.052	-4.265	2.03650246630419e-07	6.21353414651567e-05	0.6033	0.143
LOC126356345	20	124	61	258	439	9	6	27	6	11	23	143	44	207	398	11	7	24	5	26	88.81	163	15	0.088	-3.508	3.14571305404823e-07	8.25859410863964e-05	0.437	0.1966
LOC126335513	400	365	1072	793	717	224	180	147	257	88	456	420	779	637	650	286	197	133	198	207	396.18	588	204	0.346	-1.53	3.6586134000294e-07	8.97871449411563e-05	0.1006	0.1239
LOC126334878	13646	1914	1723	1220	1471	373	554	88	323	106	15548	2204	1251	980	1334	476	605	79	249	249	2297.52	4263	332	0.078	-3.683	5.28223551996267e-07	0.000124231576635122	0.5223	0.1762
LOC126283958	16	26	43	32	53	0	1	0	1	7	18	30	31	26	48	0	1	0	1	16	17.15	31	4	0.086	-3.546	5.53571181189364e-07	0.000127536021723403	0.3466	0.246
LOC126334992	190	65	125	174	93	37	21	29	22	11	216	75	91	140	84	47	23	26	17	26	74.53	121	28	0.229	-2.126	7.5823740637586e-07	0.000158513742232909	0.1841	0.2078
LOC126272873	326	34	283	216	119	17	37	11	57	13	371	39	206	173	108	22	40	10	44	31	104.4	179	29	0.164	-2.608	9.90876684072701e-07	0.000199750122973156	0.2871	0.1855
LOC126293345	173	150	415	387	215	59	84	123	61	23	197	173	301	311	195	75	92	111	47	54	155.62	235	76	0.324	-1.626	1.71129746027214e-06	0.000333083397051934	0.1237	0.157
LOC126281797	263	18	466	485	60	38	16	34	26	12	300	21	338	389	54	49	17	31	20	28	124.76	220	29	0.131	-2.928	2.13125812537189e-06	0.000400996216288721	0.3812	0.1724
LOC126365867	310	241	438	545	432	134	109	136	236	58	353	277	318	438	392	171	119	123	182	136	250.94	356	146	0.412	-1.28	2.58249294911727e-06	0.000470221982299756	0.0813	0.1314
LOC126299195	413	375	758	771	759	207	177	221	339	41	471	432	550	619	688	264	193	200	261	96	377.51	552	203	0.37	-1.435	3.02300727136111e-06	0.000533230141974932	0.1059	0.1239
LOC126353959	25	127	852	395	122	40	26	40	61	11	28	146	619	317	111	51	28	36	47	26	140.97	244	38	0.155	-2.686	3.62032136594379e-06	0.000609997132837903	0.3452	0.1635
LOC126355128	345	314	700	753	640	107	141	189	308	110	393	362	508	605	580	137	154	171	237	259	340.53	490	192	0.39	-1.359	3.60765744865224e-06	0.000609997132837903	0.096	0.1245
LOC126277896	209	69	377	286	36	29	37	25	27	22	238	79	274	230	33	37	40	23	21	52	102.62	171	35	0.199	-2.326	5.92974799926441e-06	0.000942829931883041	0.271	0.1868
LOC126282270	605	238	609	598	396	166	74	231	207	44	689	274	442	480	359	212	81	209	160	103	300.93	449	153	0.342	-1.548	6.34998711273724e-06	0.00098198636322864	0.1308	0.1262
LOC126354707	645	469	612	715	770	202	191	348	365	44	735	540	444	574	698	258	209	314	281	103	415.74	598	233	0.392	-1.351	1.78540128007265e-05	0.00248832037663458	0.1122	0.1241
LOC126281697	623	469	983	1191	1259	322	223	358	548	83	710	540	714	956	1142	411	244	323	422	195	565.73	812	319	0.394	-1.344	1.91454187842054e-05	0.00261790816611036	0.1126	0.1283
LOC126284240	8702	7512	13068	23186	17544	3413	3591	2625	7077	513	9915	8649	9490	18619	15912	4356	3924	2371	5454	1206	7989.43	12517	3462	0.277	-1.854	1.94795186423306e-05	0.00261790816611036	0.2121	0.2168
LOC126293182	165	111	430	385	479	88	81	71	42	2	188	128	312	309	434	112	89	64	32	5	167.37	274	60	0.222	-2.169	2.01047001609274e-05	0.0026701407072554	0.2775	0.1522
LOC126275742	59	35	81	40	40	15	15	4	16	3	67	40	59	32	36	19	16	4	12	7	29.33	47	12	0.254	-1.979	2.39975300322069e-05	0.00311388639693775	0.1993	0.2391
LOC126346425	1211	210	301	925	2571	102	281	310	239	48	1380	242	219	743	2332	130	307	280	184	113	592.89	983	203	0.207	-2.273	2.68669047144881e-05	0.00329674442741148	0.3184	0.1293
LOC126299386	53	190	356	54	229	39	46	39	46	7	60	219	259	43	208	50	50	35	35	16	97.59	158	37	0.24	-2.058	3.07719984092272e-05	0.00362115838232455	0.2572	0.1902
LOC126355925	589	124	1133	2149	1168	154	53	196	434	108	671	143	823	1726	1059	197	58	177	334	254	544.15	884	204	0.231	-2.117	3.10394381758063e-05	0.00362115838232455	0.283	0.1275
LOC126353958	146	174	257	316	375	76	99	102	127	34	166	200	187	254	340	97	108	92	98	80	162.23	229	95	0.416	-1.267	3.25388419166681e-05	0.00374827537140068	0.1007	0.1544
LOC126272107	73	29	48	54	70	12	4	22	12	8	83	33	35	43	63	15	4	20	9	19	32.59	51	13	0.258	-1.952	3.47099372743695e-05	0.00391840481890358	0.2054	0.2374
LOC126272573	792	442	1270	987	621	213	140	449	405	30	902	509	922	793	563	272	153	406	312	71	490.24	738	243	0.331	-1.597	3.68336345218315e-05	0.00411697920907877	0.1691	0.1257
LOC126272296	158	188	529	466	610	111	142	52	122	6	180	216	384	374	553	142	155	47	94	14	216	341	90	0.267	-1.907	5.04842966308963e-05	0.00510158451045324	0.2428	0.1377
LOC126293510	2917	513	5242	10161	4928	474	630	1160	2006	504	3323	591	3807	8159	4469	605	688	1048	1546	1185	2542.15	4070	1014	0.249	-2.004	6.1731539726456e-05	0.00580739459976635	0.2787	0.1799
LOC126272019	36	46	86	46	67	18	20	11	15	7	41	53	62	37	61	23	22	10	12	16	33.69	51	17	0.322	-1.633	6.77633470559177e-05	0.00607540499145004	0.1532	0.2366
LOC126284428	515	628	1471	1441	1563	310	263	325	421	288	587	723	1068	1157	1418	396	287	294	324	677	693.07	991	396	0.398	-1.33	6.83476334408853e-05	0.00607540499145004	0.1275	0.1334
LOC126291853	2103	1057	715	2114	1207	308	378	576	954	188	2396	1217	519	1698	1095	393	413	520	735	442	942.8	1385	501	0.362	-1.466	6.82722556016864e-05	0.00607540499145004	0.1549	0.1433
LOC126322933	302	271	587	458	537	136	206	219	242	60	344	312	426	368	487	174	225	198	187	141	286.12	387	185	0.479	-1.063	6.59416691198749e-05	0.00607540499145004	0.0792	0.1274
LOC126299329	41	21	50	32	37	13	8	6	15	0	47	24	36	26	34	17	9	5	12	0	20.88	33	9	0.271	-1.882	8.05369957151941e-05	0.00683951908074833	0.1973	0.2437
LOC126336626	16	73	152	51	98	22	1	8	22	0	18	84	110	41	89	28	1	7	17	0	39.58	68	11	0.162	-2.628	9.24908094277084e-05	0.00767741726198088	0.4453	0.2327
LOC126278132	263	196	246	388	375	145	73	85	164	32	300	226	179	312	340	185	80	77	126	75	189.88	271	109	0.402	-1.314	0.000100479858167082	0.00821968926701588	0.1261	0.1447
LOC126353964	192	261	284	319	354	40	30	198	141	14	219	300	206	256	321	51	33	179	109	33	170.7	260	81	0.315	-1.668	0.000101535483630805	0.00824628830725295	0.2032	0.151
LOC126271906	155	171	355	453	362	114	87	123	112	9	177	197	258	364	328	146	95	111	86	21	178.25	265	92	0.35	-1.513	0.000105447681077252	0.00844254518922762	0.1685	0.1483
LOC126334760	187	149	287	388	192	71	60	97	114	3	213	172	208	312	174	91	66	88	88	7	141.74	216	68	0.319	-1.648	0.000112075514703794	0.00875828877626383	0.1996	0.1634
LOC126278559	598	351	170	766	853	186	126	168	273	75	681	404	123	615	774	237	138	152	210	176	351.11	519	183	0.352	-1.507	0.00012526862387618	0.00962011901318501	0.1737	0.1242
LOC126281222	117	78	46	296	349	35	26	28	80	22	133	90	33	238	317	45	28	25	62	52	102.25	162	42	0.261	-1.939	0.000128397968983808	0.00965561057288155	0.2732	0.1871
LOC126281314	971	621	1716	2085	991	390	439	555	880	142	1106	715	1246	1674	899	498	480	501	678	334	813.12	1128	498	0.442	-1.177	0.000147206585244232	0.0105178173469756	0.111	0.1383
LOC126334876	11560	4160	2807	1364	949	409	1191	359	1930	134	13171	4789	2038	1095	861	522	1301	324	1487	315	2590.47	4391	790	0.18	-2.474	0.000186868172251896	0.0126205497944291	0.4718	0.1806
LOC126354240	120	99	167	88	87	18	18	76	46	13	137	114	121	71	79	23	20	69	35	31	69.88	104	36	0.345	-1.537	0.000198333199651617	0.0132484230228823	0.1782	0.2112
LOC126365811	626	690	1260	1457	1630	370	368	647	635	194	713	794	915	1170	1478	472	402	584	489	456	747.51	1014	481	0.474	-1.076	0.000201437775643937	0.0132633442099013	0.0968	0.1356
LOC126337058	241	770	714	527	570	256	215	235	233	57	275	886	519	423	517	327	235	212	180	134	370.72	524	218	0.416	-1.265	0.000206057305579902	0.013446132501107	0.1319	0.1239
LOC126272145	981	439	296	2715	1597	384	353	201	371	126	1118	505	215	2180	1448	490	386	182	286	296	710.61	1093	328	0.3	-1.737	0.00021003787007395	0.0136271121566943	0.2474	0.1341
LOC126278108	442	368	750	391	456	202	216	254	238	39	504	424	545	314	414	258	236	229	183	92	319.78	440	200	0.456	-1.131	0.000223581614260724	0.0143882117714502	0.1065	0.1252
LOC126284336	210	61	261	398	327	56	128	51	95	20	239	70	190	320	297	71	140	46	73	47	149.28	223	75	0.34	-1.555	0.000224317944173553	0.0143882117714502	0.1955	0.1599
LOC126282154	1250	1047	1629	1114	814	475	378	648	757	110	1424	1205	1183	895	738	606	413	585	583	259	789.2	1089	489	0.45	-1.151	0.000238285808651474	0.0149444916325916	0.1133	0.1373
LOC126267259	322	251	461	460	414	113	250	119	204	30	367	289	335	369	375	144	273	107	157	71	248.81	347	150	0.437	-1.196	0.000239631928607239	0.0149458831052327	0.1192	0.1317
LOC126279121	28	16	40	49	36	7	6	16	15	3	32	18	29	39	33	9	7	14	12	7	19.99	30	10	0.333	-1.588	0.000251418865969202	0.015362130668148	0.1567	0.2442
LOC126335183	89	117	472	543	394	90	105	125	107	41	101	135	343	436	357	115	115	113	82	96	189.36	274	104	0.38	-1.397	0.000289804823805885	0.0169513298235473	0.1654	0.1448
LOC126284686	738	790	1411	964	603	304	366	406	370	241	841	910	1025	774	547	388	400	367	285	566	610.23	819	401	0.488	-1.034	0.00034754393802815	0.0198152702848474	0.0962	0.13
LOC126279877	539	530	886	872	741	314	343	370	439	75	614	610	643	700	672	401	375	334	338	176	486.44	648	325	0.503	-0.991	0.000425694537516411	0.0228841220667751	0.0909	0.1256
LOC126355923	289	80	586	441	521	67	70	96	85	112	329	92	426	354	473	86	76	87	66	263	225.11	335	116	0.341	-1.554	0.000453068965526633	0.0239004465038792	0.2183	0.1359
LOC126354945	53	75	151	89	164	22	16	47	75	5	60	86	110	71	149	28	17	42	58	12	63.42	95	31	0.34	-1.556	0.000459429191442573	0.0241232378706754	0.2086	0.2158
LOC126281456	705	338	720	1418	1089	348	247	336	584	75	803	389	523	1139	988	444	270	304	450	176	548.55	768	329	0.429	-1.221	0.000527142013239067	0.0270495735793447	0.1426	0.1276
LOC126335473	24	38	77	81	105	13	16	6	41	8	27	44	56	65	95	17	17	5	32	19	37.72	57	18	0.315	-1.668	0.000525682913183714	0.0270495735793447	0.2305	0.234
LOC126272721	223	408	433	357	522	119	87	253	216	90	254	470	314	287	473	152	95	229	166	212	265.18	360	171	0.474	-1.077	0.000531075702937126	0.0271281158844218	0.1089	0.1295
LOC126273119	55	41	74	138	168	14	35	36	53	7	63	47	54	111	152	18	38	33	41	16	57.27	85	29	0.349	-1.519	0.000642825094702442	0.0315515325830255	0.2073	0.2204
LOC126334786	117	210	201	183	204	54	98	79	78	5	133	242	146	147	185	69	107	71	60	12	117.22	171	64	0.38	-1.395	0.000665837077872343	0.0323992878107797	0.1847	0.1772
LOC126278625	36	65	63	52	57	19	24	15	24	8	41	75	46	42	52	24	26	14	18	19	35.64	51	20	0.398	-1.327	0.000677186868544986	0.0327955188885855	0.1428	0.2355
LOC126284633	165	135	378	492	368	158	108	120	110	33	188	155	275	395	334	202	118	108	85	78	193.72	269	118	0.439	-1.188	0.000766240151654407	0.0359800516820153	0.1395	0.1435
LOC126278068	221	173	297	273	227	124	117	90	115	39	252	199	216	219	206	158	128	81	89	92	163.94	218	110	0.502	-0.994	0.000828225040714349	0.038162581569895	0.0969	0.1538
LOC126353995	1771	979	3239	3961	3612	1001	638	1444	1621	294	2018	1127	2352	3181	3276	1278	697	1304	1249	691	1717.31	2391	1044	0.437	-1.195	0.000895068852294202	0.0402223814837233	0.1505	0.1652
LOC126335152	89	73	197	199	190	44	60	59	82	3	101	84	143	160	172	56	66	53	63	7	90.59	132	49	0.379	-1.401	0.00092976426101385	0.0413232627660841	0.1951	0.1952
LOC126343774	451	934	1603	1724	1358	423	447	656	729	220	514	1075	1164	1384	1232	540	488	593	562	517	806.91	1074	540	0.503	-0.992	0.000979865885769661	0.0427092895152653	0.1052	0.1381
LOC126356047	116	159	1632	170	128	39	106	93	201	24	132	183	1185	137	116	50	116	84	155	56	221.39	351	92	0.264	-1.921	0.00099755624669979	0.0429824903396715	0.3768	0.1365
LOC126267951	283	293	275	237	354	137	134	152	130	60	322	337	200	190	321	175	146	137	100	141	207.06	274	140	0.51	-0.971	0.00112063936360488	0.0465434418253714	0.0987	0.14
LOC126277898	38	13	43	35	22	7	4	10	6	9	43	15	31	28	20	9	4	9	5	21	18.57	27	10	0.323	-1.632	0.00112142937164505	0.0465434418253714	0.2123	0.2452
LOC126336250	678	567	746	692	672	330	316	453	246	67	772	653	542	556	609	421	345	409	190	157	465.49	626	304	0.488	-1.036	0.00118585903604317	0.0479826618562413	0.1177	0.125
