Id	SPICE_S_Iso_SRR11815240	SPICE_S_Iso_SRR11815251	SPICE_S_Iso_SRR11815261	SPICE_S_Iso_SRR11815273	SPICE_S_Iso_SRR11815274	SPICE_G_Crd_SRR11815268	SPICE_G_Crd_SRR11815269	SPICE_G_Crd_SRR11815270	SPICE_G_Crd_SRR11815271	SPICE_G_Crd_SRR11815272	norm.SPICE_S_Iso_SRR11815240	norm.SPICE_S_Iso_SRR11815251	norm.SPICE_S_Iso_SRR11815261	norm.SPICE_S_Iso_SRR11815273	norm.SPICE_S_Iso_SRR11815274	norm.SPICE_G_Crd_SRR11815268	norm.SPICE_G_Crd_SRR11815269	norm.SPICE_G_Crd_SRR11815270	norm.SPICE_G_Crd_SRR11815271	norm.SPICE_G_Crd_SRR11815272	baseMean	Isolated	Crowded	FoldChange	log2FoldChange	stat	pvalue	padj	dispGeneEst	dispFit	dispMAP	dispersion	betaConv	maxCooks
LOC124709245	8	5	18	14	16	0	0	0	0	0	9	5	12	11	14	0	0	0	0	0	5.06	10	0	0.031	-5.034	-5.278	1.30261436258984e-07	2.12953325795243e-05	0	0.9678	0.3281	0.3281	TRUE	0.097
LOC124710724	251	248	237	319	214	366	354	731	655	362	270	272	163	239	182	444	367	612	468	819	383.66	225	542	2.14	1.098	4.653	3.27861646808697e-06	0.000344566978336568	0.0749	0.1622	0.0857	0.0857	TRUE	0.2702
LOC124711250	517	634	1463	1435	1564	310	264	324	412	285	556	694	1005	1077	1334	376	274	271	295	645	652.65	933	372	0.482	-1.052	-3.985	6.74862153869509e-05	0.00378666298370341	0.1267	0.1577	0.1323	0.1323	TRUE	0.2635
LOC124711278	9013	7777	13404	23808	18054	3540	3717	2687	7245	516	9693	8519	9211	17862	15395	4295	3856	2250	5180	1167	7742.76	12136	3350	0.33	-1.599	-4.614	3.94268405205001e-06	0.000402786095013511	0.1767	0.1519	0.1943	0.1943	TRUE	0.2194
LOC124711286	21	62	52	24	44	51	55	153	203	98	23	68	36	18	38	62	57	128	145	222	79.56	37	123	2.381	1.252	3.713	0.000204486488208172	0.00870678481303093	0.2636	0.2033	0.2507	0.2507	TRUE	0.1751
LOC124711290	809	323	797	847	629	89	43	229	317	17	870	354	548	635	536	108	45	192	227	38	355.28	589	122	0.256	-1.963	-4.665	3.08149791132309e-06	0.000329074155981778	0.3143	0.163	0.2767	0.2767	TRUE	0.4313
LOC124711364	2	3	11	17	3	56	95	22	28	4	2	3	8	13	3	68	99	18	20	9	24.23	6	43	4.601	2.202	3.952	7.73658478995368e-05	0.00419868261428552	0.6297	0.3219	0.5537	0.5537	TRUE	0.1233
LOC124711479	7	3	4	15	7	16	15	25	20	17	8	3	3	11	6	19	16	21	14	38	13.94	6	22	2.222	1.152	3.518	0.000435568064201017	0.0146390667668778	0.1251	0.4476	0.2031	0.2031	TRUE	0.7155
LOC124711548	167	108	392	206	183	368	275	943	1117	1684	180	118	269	155	156	446	285	790	799	3809	700.63	176	1226	5.395	2.432	4.578	4.68393164705489e-06	0.00043989094234256	0.5391	0.1573	0.4467	0.4467	TRUE	2.4646
LOC124711568	7	16	10	13	6	37	77	85	177	74	8	18	7	10	5	45	80	71	127	167	53.66	10	98	9.685	3.276	7.374	1.65979150588017e-13	8.45344581571741e-11	0.1935	0.2284	0.2013	0.2013	TRUE	0.1212
LOC124711660	105	455	831	899	608	261	468	1823	1644	5023	113	498	571	674	518	317	486	1526	1175	11360	1723.91	475	2973	2.346	1.23	3.208	0.00133604092168054	0.033255364445289	1.0545	0.1538	0.8153	0.8153	TRUE	5.396
LOC124711697	108	258	322	189	259	585	528	544	493	206	116	283	221	142	221	710	548	455	352	466	351.4	197	506	2.263	1.178	4.6	4.23033570858724e-06	0.000414948929282313	0.0887	0.1632	0.1023	0.1023	TRUE	0.2463
LOC124711752	16	32	47	33	53	0	1	0	1	7	17	35	32	25	45	0	1	0	1	16	17.21	31	4	0.188	-2.41	-3.765	0.000166689212433001	0.00745708969945201	1.1471	0.3914	0.811	0.811	TRUE	1.863
LOC124711778	115	98	198	148	159	181	197	329	364	167	124	107	136	111	136	220	204	275	260	378	195.1	123	267	2.009	1.006	5.303	1.13885495377897e-07	1.90895155670141e-05	0.0289	0.1726	0.047	0.047	TRUE	0.3762
LOC124711793	26	1	61	12	18	0	0	3	3	0	28	1	42	9	15	0	0	3	2	0	10	19	1	0.139	-2.846	-3.809	0.000139667519767173	0.00646670383481434	1.059	0.5645	0.8808	0.8808	TRUE	0.0907
LOC124711857	9	9	22	7	14	46	42	59	56	66	10	10	15	5	12	56	44	49	40	149	38.99	10	68	5.553	2.473	5.634	1.75956651834127e-08	3.94918302302968e-06	0.2082	0.2573	0.2185	0.2185	TRUE	2.9149
LOC124711859	27	19	15	45	33	0	8	9	12	2	29	21	10	34	28	0	8	8	9	5	15.1	24	6	0.4	-1.323	-3.575	0.000350219371507113	0.012534067344587	0.2005	0.425	0.2684	0.2684	TRUE	0.3759
LOC124711861	9	1	23	6	7	0	0	0	1	0	10	1	16	5	6	0	0	0	1	0	3.78	8	0	0.134	-2.895	-3.707	0.000209315463524284	0.00882724639486807	0.573	1.2452	0.8004	0.8004	TRUE	0.1132
LOC124711866	8	22	7	3	10	58	315	13	315	14	9	24	5	2	9	70	327	11	225	32	71.32	10	133	10.057	3.33	4.61	4.02288113276297e-06	0.000403568120909448	0.9631	0.2093	0.7666	0.7666	TRUE	0.096
LOC124711876	13	11	42	46	21	5	4	7	5	6	14	12	29	35	18	6	4	6	4	14	14.05	22	7	0.428	-1.226	-3.566	0.000362317504965615	0.0128393847746849	0.1425	0.4453	0.2092	0.2092	TRUE	0.1611
LOC124711893	63	7	169	134	16	6	8	2	9	5	68	8	116	101	14	7	8	2	6	11	34.07	61	7	0.16	-2.646	-4.278	1.88801881523843e-05	0.00138127873764571	0.6677	0.2726	0.5705	0.5705	TRUE	0.036
LOC124711907	17	9	18	8	26	33	25	56	78	30	18	10	12	6	22	40	26	47	56	68	30.52	14	47	2.778	1.474	4.309	1.64139757753361e-05	0.00125605799155013	0.1238	0.2868	0.1597	0.1597	TRUE	0.1594
LOC124711910	224	68	272	420	349	64	135	57	100	24	241	74	187	315	298	78	140	48	71	54	150.62	223	78	0.493	-1.021	-3.537	0.000405451060922499	0.0138020127216857	0.2164	0.1788	0.2088	0.2088	TRUE	0.3042
LOC124711943	19	17	22	34	21	1	3	12	10	3	20	19	15	26	18	1	3	10	7	7	12.59	20	6	0.431	-1.213	-3.643	0.000269247536470654	0.0104556477359074	0.0267	0.4795	0.159	0.159	TRUE	0.5596
LOC124711951	2	5	0	3	7	23	190	3	216	1	2	5	0	2	6	28	197	3	154	2	40.01	3	77	12.73	3.67	4.166	3.10003606189907e-05	0.00204232226525709	1.8168	0.2546	1.3284	1.3284	TRUE	0.0629
LOC124711957	0	0	0	0	0	0	2	18	10	2	0	0	0	0	0	0	2	15	7	5	2.88	0	6	3.808	1.929	3.296	0.000980931890618724	0.0266724847958381	2.1741	1.5848	1.8645	1.8645	TRUE	0.1752
LOC124711963	15	0	14	21	9	0	2	0	0	0	16	0	10	16	8	0	2	0	0	0	5.13	10	0	0.277	-1.852	-3.305	0.000949104401796938	0.026183417684573	1.362	0.9573	1.1561	1.1561	TRUE	0.5003
LOC124711965	0	0	1	0	0	0	1	40	67	7	0	0	1	0	0	0	1	33	48	16	9.89	0	20	24.261	4.601	4.136	3.5390172487836e-05	0.002297238549431	2.958	0.5689	1.8101	1.8101	TRUE	0.0684
LOC124711968	11	10	7	54	4	20	92	30	49	86	12	11	5	41	3	24	95	25	35	194	44.59	14	75	2.092	1.065	3.134	0.0017251993755027	0.0399389687594525	0.7806	0.244	0.6483	0.6483	TRUE	0.4895
LOC124711994	27	22	78	88	32	6	2	23	17	1	29	24	54	66	27	7	2	19	12	2	24.31	40	8	0.357	-1.488	-3.699	0.000216386624976555	0.00901828253086004	0.3314	0.3213	0.3286	0.3286	TRUE	0.3601
LOC124712002	0	2	0	3	9	27	133	3	102	2	0	2	0	2	8	33	138	3	73	5	26.28	2	50	8.786	3.135	3.893	9.90193551383509e-05	0.00508222597186838	1.8633	0.3086	1.3206	1.3206	TRUE	0.2123
LOC124712022	1	9	8	10	1	16	235	38	29	28	1	10	5	8	1	19	244	32	21	63	40.39	5	76	11.228	3.489	4.748	2.05478030100521e-06	0.000232086480670767	0.9054	0.2537	0.7273	0.7273	TRUE	1.5962
LOC124712031	8	3	15	1	2	264	190	222	267	144	9	3	10	1	2	320	197	186	191	326	124.45	5	244	44.988	5.491	11.166	6.01114685525818e-29	1.59199213314658e-25	0.2334	0.1846	0.2132	0.2132	TRUE	0.3605
LOC124712047	12	10	35	19	11	0	2	0	2	0	13	11	24	14	9	0	2	0	1	0	7.51	14	1	0.079	-3.655	-4.731	2.23568149202386e-06	0.000246707452644833	0	0.7018	0.2683	0.2683	TRUE	0.7711
LOC124712054	42	53	73	96	72	1	0	1	0	0	45	58	50	72	61	1	0	1	0	0	28.89	57	0	0.011	-6.503	-7.553	4.24348228720272e-14	2.55419056577902e-11	0	0.2944	0.0849	0.0849	TRUE	0.1433
LOC124712226	27	27	109	34	23	0	0	8	5	4	29	30	75	26	20	0	0	7	4	9	19.8	36	4	0.135	-2.888	-4.583	4.57875843209605e-06	0.000433085136841542	0.5266	0.3601	0.4578	0.4578	TRUE	1.994
LOC124712421	8	10	7	18	9	1	4	0	0	0	9	11	5	14	8	1	4	0	0	0	5.09	9	1	0.342	-1.55	-3.335	0.000853711903898545	0.0244693788558973	0.1456	0.9628	0.4756	0.4756	TRUE	0.985
LOC124712464	800	783	1534	1039	628	215	392	343	318	204	860	858	1054	780	536	261	407	287	227	461	573.06	818	329	0.444	-1.172	-4.935	7.99514603908882e-07	0.000112629493457036	0.0702	0.1586	0.0836	0.0836	TRUE	0.2369
LOC124712519	815	885	1680	1695	1619	1859	1636	5091	5471	5108	876	969	1154	1272	1381	2255	1697	4262	3911	11552	2933.13	1130	4735	3.335	1.738	4.415	1.01105435943012e-05	0.000832934149238959	0.2928	0.1528	0.2625	0.2625	TRUE	0.8511
LOC124712530	60	10	17	57	3	0	0	0	0	0	65	11	12	43	3	0	0	0	0	0	13.25	27	0	0.015	-6.08	-5.423	5.85683401590564e-08	1.02941013847069e-05	1.4094	0.4632	0.9927	0.9927	TRUE	0.0988
LOC124712543	17778	17240	29895	26365	13410	24723	27139	80378	72005	48988	19119	18885	20544	19781	11435	29994	28154	67297	51478	110791	37747.78	17953	57543	2.645	1.404	4.351	1.35639804817434e-05	0.00105655429140733	0.1945	0.1515	0.1791	0.1791	TRUE	0.2657
LOC124712552	0	0	2	0	1	6	24	1	7	17	0	0	1	0	1	7	25	1	5	38	7.87	0	15	10.34	3.37	3.864	0.0001115915905996	0.00548734945088019	1.233	0.6763	1.0493	1.0493	TRUE	0.1256
LOC124713151	0	2	3	1	1	76	71	4	2	3	0	2	2	1	1	92	74	3	1	7	18.33	1	35	15.681	3.971	4.264	2.0092453805708e-05	0.00144600148529992	1.5242	0.3768	1.2026	1.2026	TRUE	0.0637
LOC124716714	2044	1028	724	2038	1200	306	334	463	777	159	2198	1126	498	1529	1023	371	346	388	555	360	839.46	1275	404	0.373	-1.424	-4.587	4.50489089067766e-06	0.000430419011374895	0.1543	0.1563	0.1547	0.1547	TRUE	0.1404
LOC124716732	87	97	134	156	68	38	48	49	52	10	94	106	92	117	58	46	50	41	37	23	66.36	93	39	0.49	-1.03	-4.39	1.13419722012346e-05	0.000915795096882612	0.0446	0.2136	0.0737	0.0737	TRUE	0.3528
LOC124716851	4	1	13	6	5	0	0	0	1	0	4	1	9	5	4	0	0	0	1	0	2.38	5	0	0.35	-1.513	-3.189	0.00142666122771093	0.0347078154277709	0	1.8862	0.7414	0.7414	TRUE	0.1533
LOC124717035	14	12	27	28	11	10	19	99	72	92	15	13	19	21	9	12	20	83	51	208	45.14	15	75	2.468	1.303	3.401	0.000671264454686676	0.0207200091117971	0.5688	0.2429	0.4929	0.4929	TRUE	0.4534
LOC124717061	69	74	81	75	58	180	296	137	162	52	74	81	56	56	49	218	307	115	116	118	119.02	63	175	2.311	1.208	4.221	2.42826752252662e-05	0.00169237465964724	0.1244	0.1861	0.1352	0.1352	TRUE	0.2924
LOC124717082	113	86	358	352	243	199	181	751	951	1844	122	94	246	264	207	241	188	629	680	4170	684.13	187	1182	3.372	1.754	3.64	0.000273004860313974	0.0105090998845281	0.8052	0.1574	0.639	0.639	TRUE	3.5781
LOC124717096	263	706	1135	674	770	38	87	126	223	19	283	773	780	506	657	46	90	105	159	43	344.27	600	89	0.164	-2.605	-6.621	3.56078457175589e-11	1.24083971839978e-08	0.2076	0.1634	0.1983	0.1983	TRUE	0.3397
LOC124717148	29	30	48	18	48	0	1	0	3	0	31	33	33	14	41	0	1	0	2	0	15.47	30	1	0.035	-4.854	-6.173	6.69831573203961e-10	1.88721482816316e-07	0	0.4185	0.2204	0.2204	TRUE	0.6627
LOC124717160	3	4	1	11	11	1	0	0	0	0	3	4	1	8	9	1	0	0	0	0	2.71	5	0	0.36	-1.474	-3.159	0.00158388845163721	0.0375203056826118	0.5668	1.6733	0.9261	0.9261	TRUE	0.2261
LOC124717171	17	3	9	22	5	2	1	1	0	0	18	3	6	17	4	2	1	1	0	0	5.28	10	1	0.261	-1.935	-3.472	0.000516649327040188	0.0168509122873551	0.427	0.9334	0.5656	0.5656	TRUE	0.117
LOC124717260	2	1	8	3	7	6	24	570	155	191	2	1	5	2	6	7	25	477	111	432	106.92	3	210	44.653	5.481	6.393	1.62355921561664e-10	5.24370027638917e-08	1.1756	0.19	0.9024	0.9024	TRUE	0.0392
LOC124717265	8	11	0	16	30	0	0	0	0	0	9	12	0	12	26	0	0	0	0	0	5.82	12	0	0.062	-4	-3.963	7.39437994055583e-05	0.00404613137077852	2.4824	0.8606	1.5601	1.5601	TRUE	0.103
LOC124717267	3	10	6	5	3	24	41	52	94	30	3	11	4	4	3	29	43	44	67	68	27.49	5	50	9.551	3.256	7.234	4.68335820248906e-13	2.29692701175408e-10	0.1074	0.3017	0.1592	0.1592	TRUE	0.3134
LOC124717276	5	4	9	19	15	7	63	26	29	30	5	4	6	14	13	8	65	22	21	68	22.72	8	37	2.242	1.165	3.341	0.000835479310787727	0.0240676388726744	0.408	0.3332	0.3913	0.3913	TRUE	0.0475
LOC124717283	1	0	2	11	8	28	69	35	64	165	1	0	1	8	7	34	72	29	46	373	57.13	3	111	22.899	4.517	5.505	3.6932544035587e-08	7.29941415103348e-06	1.135	0.2237	0.8388	0.8388	TRUE	3.9182
LOC124717333	13	7	18	2	8	6	17	80	27	86	14	8	12	2	7	7	18	67	19	194	34.8	9	61	3.059	1.613	3.444	0.000573546125731261	0.018169611954386	0.9149	0.2701	0.7545	0.7545	TRUE	0.6915
LOC124717389	30	15	73	64	19	133	37	695	1041	160	32	16	50	48	16	161	38	582	744	362	205.08	32	377	9.629	3.267	5.462	4.70612139110865e-08	8.90263706586582e-06	0.5891	0.1715	0.4863	0.4863	TRUE	0.0508
LOC124718598	0	1	1	0	2	2	4	6	2	17	0	1	1	0	2	2	4	5	1	38	5.5	1	10	2.492	1.317	3.099	0.00194330027536184	0.0430642131625599	1.201	0.9029	1.1212	1.1212	TRUE	4.4155
LOC124718860	13	12	17	21	19	41	72	64	78	63	14	13	12	16	16	50	75	54	56	142	44.7	14	75	4.728	2.241	6.389	1.66940820017666e-10	5.26340556827127e-08	0.1017	0.2438	0.1275	0.1275	TRUE	0.9516
LOC124718862	338	259	870	976	944	151	152	71	69	2	363	284	598	732	805	183	158	59	49	5	323.65	556	91	0.242	-2.049	-4.049	5.13483593489665e-05	0.00304912544618392	0.6193	0.1642	0.4918	0.4918	TRUE	0.2103
LOC124718922	3070	537	5455	10697	5332	506	667	1214	2089	523	3302	588	3749	8026	4547	614	692	1016	1493	1183	2520.93	4042	1000	0.359	-1.48	-3.823	0.000131926401827057	0.00621510238522605	0.3867	0.153	0.3332	0.3332	TRUE	0.135
LOC124718923	317	703	363	357	592	900	1459	1566	1324	404	341	770	249	268	505	1092	1514	1311	947	914	791	427	1156	2.269	1.182	4.215	2.49967717202739e-05	0.00172399609958264	0.1344	0.1566	0.1384	0.1384	TRUE	0.9344
LOC124718938	405	356	562	244	274	107	23	44	70	24	436	390	386	183	234	130	24	37	50	54	192.33	326	59	0.208	-2.269	-5.513	3.51806915955465e-08	7.05852603194283e-06	0.2453	0.1729	0.2295	0.2295	TRUE	0.5628
LOC124718949	10	17	3	21	21	22	108	44	88	14	11	19	2	16	18	27	112	37	63	32	33.52	13	54	2.616	1.388	3.617	0.000297972229550619	0.0111777571209895	0.3717	0.2746	0.3485	0.3485	TRUE	0.4115
LOC124718981	7	12	18	11	16	28	32	159	83	211	8	13	12	8	14	34	33	133	59	477	79.18	11	147	10.793	3.432	5.297	1.17556181673449e-07	1.94584869714976e-05	0.6635	0.2036	0.5526	0.5526	TRUE	1.1541
LOC124719056	4	4	0	1	7	4	4	39	23	41	4	4	0	1	6	5	4	33	16	93	16.62	3	30	3.278	1.713	3.385	0.000711508228171813	0.0215976493092471	1.2098	0.3999	0.9753	0.9753	TRUE	0.5095
LOC124719067	4	1	3	4	4	3	13	18	17	4	4	1	2	3	3	4	13	15	12	9	6.73	3	11	2.067	1.048	3.242	0.0011887159634511	0.0309861747795659	0	0.7655	0.2376	0.2376	TRUE	0.2514
LOC124719099	172	146	408	378	209	56	83	129	62	30	185	160	280	284	178	68	86	108	44	68	146.13	217	75	0.384	-1.381	-5.134	2.83782262953316e-07	4.27027809775887e-05	0.0821	0.1797	0.0979	0.0979	TRUE	0.1266
LOC124719691	77	46	119	186	110	23	21	48	67	12	83	50	82	140	94	28	22	40	48	27	61.32	90	33	0.451	-1.149	-4.109	3.97522804837433e-05	0.00251865884289822	0.1008	0.2188	0.1219	0.1219	TRUE	0.225
LOC124719708	0	1	1	4	1	14	19	2	38	6	0	1	1	3	1	17	20	2	27	14	8.47	1	16	8.317	3.056	4.185	2.85698002404389e-05	0.00192041266387763	0.5282	0.6388	0.559	0.559	TRUE	0.2657
LOC124719741	3	5	7	3	5	14	61	23	19	7	3	5	5	2	4	17	63	19	14	16	14.9	4	26	4.973	2.314	4.482	7.38400992772313e-06	0.000651860396419398	0.2721	0.4287	0.3036	0.3036	TRUE	4.1454
LOC124719754	10	50	102	68	23	8	0	19	9	5	11	55	70	51	20	10	0	16	6	11	24.96	41	9	0.457	-1.131	-3.226	0.00125748375921937	0.0322081236742416	0.6013	0.3169	0.5143	0.5143	TRUE	0.1054
LOC124719813	1	0	4	0	0	4	3	4	16	11	1	0	3	0	0	5	3	3	11	25	5.15	1	9	2.561	1.357	3.151	0.00162795447874898	0.0382901833172184	0.8306	0.9542	0.8727	0.8727	TRUE	0.6201
LOC124719815	18	10	11	29	11	2	2	2	5	0	19	11	8	22	9	2	2	2	4	0	7.88	14	2	0.243	-2.044	-3.991	6.59183693327607e-05	0.00377045707731348	0	0.6759	0.2511	0.2511	TRUE	0.0893
LOC124719891	31	25	83	84	62	17	9	29	19	8	33	27	57	63	53	21	9	24	14	18	31.96	47	17	0.462	-1.114	-3.867	0.00010996860512507	0.00543359801890365	0.0908	0.2807	0.1283	0.1283	TRUE	0.0966
LOC124719969	4	5	1	10	0	8	16	31	14	83	4	5	1	8	0	10	17	26	10	188	26.79	4	50	6.298	2.655	3.808	0.000140363585474838	0.00647628780089829	1.3722	0.3056	1.0541	1.0541	TRUE	6.9648
LOC124719983	3	1	4	8	2	15	24	27	48	82	3	1	3	6	2	18	25	23	34	185	30.02	3	57	14.778	3.885	5.422	5.90810833135269e-08	1.02941013847069e-05	0.6648	0.289	0.5713	0.5713	TRUE	7.0231
LOC124720033	41	30	16	51	14	0	0	4	7	4	44	33	11	38	12	0	0	3	5	9	15.56	28	3	0.183	-2.45	-4.066	4.79106150207556e-05	0.0028969514342687	0.5664	0.4169	0.5084	0.5084	TRUE	0.1417
LOC124720047	16	59	175	141	74	60	367	531	791	347	17	65	120	106	63	73	381	445	566	785	261.94	74	450	4.624	2.209	4.452	8.48804705172242e-06	0.000720504609351976	0.4749	0.1672	0.4007	0.4007	TRUE	0.101
LOC124720060	241	261	439	411	174	1	0	1	16	0	259	286	302	308	148	1	0	1	11	0	131.7	261	3	0.015	-6.095	-8.917	4.76946507553882e-19	7.01747294780945e-16	0.716	0.1828	0.434	0.434	TRUE	5.1529
LOC124720076	50	71	92	83	51	176	146	196	194	30	54	78	63	62	43	214	151	164	139	68	103.62	60	147	2.112	1.079	4.252	2.12190937795806e-05	0.00150258417020966	0.0818	0.1913	0.1013	0.1013	TRUE	0.1691
LOC124720094	0	11	13	0	8	32	37	68	53	2	0	12	9	0	7	39	38	57	38	5	20.44	6	35	2.049	1.035	3.045	0.00232746222237968	0.0487662258682781	1.1366	0.3535	0.8341	0.8341	TRUE	0.307
LOC124720123	30	12	23	85	31	13	59	280	182	213	32	13	16	64	26	16	61	234	130	482	107.47	30	185	3.157	1.659	3.582	0.000341227212866666	0.0123457124392907	0.7581	0.1898	0.6155	0.6155	TRUE	0.2419
LOC124720137	0	1	1	3	1	21	199	1	2	330	0	1	1	2	1	25	206	1	1	746	98.54	1	196	67.798	6.083	4.762	1.91270215222449e-06	0.00021834484396342	2.6298	0.1933	1.8465	2.6298	TRUE	0.6807
LOC124720168	28	33	46	51	48	41	86	74	129	206	30	36	32	38	41	50	89	62	92	466	93.61	35	152	2.605	1.381	3.596	0.000323196716955915	0.0119213674816998	0.4444	0.1955	0.3879	0.3879	TRUE	6.1479
LOC124720170	82	19	124	99	91	0	0	10	0	11	88	21	85	74	78	0	0	8	0	25	37.93	69	7	0.323	-1.628	-3.303	0.000957828191956109	0.0263691495174278	2.0602	0.2603	1.2371	1.2371	TRUE	2.9785
LOC124720174	314	131	299	607	700	6	32	49	97	32	338	143	205	455	597	7	33	41	69	72	196.22	348	44	0.15	-2.741	-5.451	5.02243979843742e-08	9.36720391702935e-06	0.398	0.1724	0.3417	0.3417	TRUE	0.0989
LOC124720246	13	1	3	13	1	25	19	27	20	21	14	1	2	10	1	30	20	23	14	47	16.22	6	27	2.207	1.142	3.236	0.00121141871113287	0.031392576463447	0.5203	0.4061	0.4869	0.4869	TRUE	0.6866
LOC124720306	0	0	0	1	0	13	35	28	15	14	0	0	0	1	0	16	36	23	11	32	11.87	0	24	64.015	6	6.3	2.96948025480803e-10	8.93678580321999e-08	0	0.4995	0.2914	0.2914	TRUE	0.1632
LOC124720355	113	176	122	327	214	2034	4741	237	296	226	122	193	84	245	182	2468	4918	198	212	511	913.32	165	1661	6.992	2.806	4.338	1.44086461473841e-05	0.00111578533499217	0.8984	0.1559	0.705	0.705	TRUE	0.2345
LOC124720432	15	14	18	19	3	41	61	73	70	44	16	15	12	14	3	50	63	61	50	100	38.43	12	65	4.737	2.244	5.937	2.90805245075935e-09	7.26574161376514e-07	0.1107	0.2589	0.152	0.152	TRUE	0.8705
LOC124720476	8	28	18	50	15	65	550	18	42	86	9	31	12	38	13	79	571	15	30	194	99.1	21	178	4.75	2.248	3.826	0.000130087691066954	0.00615221858967359	0.9738	0.1931	0.7749	0.7749	TRUE	0.5742
LOC124720487	13	6	56	14	29	2	4	4	9	1	14	7	38	11	25	2	4	3	6	2	11.29	19	3	0.369	-1.44	-3.539	0.000402050221760896	0.0137215181354582	0.2825	0.5173	0.3318	0.3318	TRUE	0.1842
LOC124720521	18	5	7	6	8	101	5	132	206	28	19	5	5	5	7	123	5	111	147	63	48.98	8	90	8.736	3.127	4.909	9.13800263452248e-07	0.00012274580212714	0.6435	0.2357	0.5404	0.5404	TRUE	0.2417
LOC124721091	0	0	0	0	0	1	5	2	3	8	0	0	0	0	0	1	5	2	2	18	2.83	0	6	5.223	2.385	3.462	0.000536686183184248	0.0172495107711791	1.332	1.6103	1.4397	1.4397	TRUE	0.9211
LOC124721130	1	1	0	1	3	3	4	91	72	34	1	1	0	1	3	4	4	76	51	77	21.78	1	42	26.589	4.733	5.129	2.91052511504293e-07	4.33046894083129e-05	1.0833	0.341	0.8617	0.8617	TRUE	0.0553
LOC124721228	41	22	59	42	40	10	6	13	19	6	44	24	41	32	34	12	6	11	14	14	23.08	35	11	0.369	-1.438	-4.763	1.90783428595048e-06	0.00021834484396342	0	0.3304	0.0814	0.0814	TRUE	0.1724
LOC124721693	414	374	754	754	758	208	178	216	332	41	445	410	518	566	646	252	185	181	237	93	353.31	517	190	0.406	-1.302	-5.275	1.32812649362121e-07	2.14476232055268e-05	0.0668	0.1631	0.0853	0.0853	TRUE	0.3989
LOC124721705	68	587	514	136	220	617	1771	1110	992	336	73	643	353	102	188	749	1837	929	709	760	634.33	272	997	2.168	1.116	3.381	0.000721090537752218	0.0216268816356484	0.4313	0.1579	0.3673	0.3673	TRUE	3.5344
LOC124721974	18	24	32	19	12	0	0	0	0	0	19	26	22	14	10	0	0	0	0	0	9.21	18	0	0.017	-5.916	-6.306	2.85821686681019e-10	8.80197854658153e-08	0.0826	0.5998	0.2468	0.2468	TRUE	0.0516
LOC124722044	8	20	15	7	3	30	21	31	41	17	9	22	10	5	3	36	22	26	29	38	20.05	10	30	2.012	1.008	3.367	0.000760595166630432	0.0224316285000449	0.1788	0.3574	0.2257	0.2257	TRUE	0.9673
LOC124722186	50	182	342	49	223	36	44	30	34	2	54	199	235	37	190	44	46	25	24	5	85.83	143	29	0.314	-1.67	-3.813	0.000137544486827691	0.00639075120902557	0.4894	0.1995	0.4144	0.4144	TRUE	0.0592
LOC124722326	124	194	214	249	122	3	6	9	10	0	133	213	147	187	104	4	6	8	7	0	80.83	157	5	0.038	-4.731	-11.74	7.91871161088589e-32	2.62148947878377e-28	0.0694	0.2025	0.1019	0.1019	TRUE	0.095
LOC124722471	16	3	6	22	13	0	1	2	2	0	17	3	4	17	11	0	1	2	1	0	5.63	10	1	0.222	-2.173	-3.638	0.000274844165495164	0.010549236056484	0	0.8844	0.473	0.473	TRUE	0.0396
LOC124722715	41	22	49	32	36	15	8	6	16	0	44	24	34	24	31	18	8	5	11	0	19.95	31	8	0.404	-1.309	-3.782	0.000155455867886835	0.00704981713204614	0.109	0.3584	0.1928	0.1928	TRUE	0.6915
LOC124722943	27	30	49	79	44	0	0	0	0	2	29	33	34	59	38	0	0	0	0	5	19.69	39	1	0.017	-5.905	-6.64	3.13522822132216e-11	1.12207275964184e-08	0.0754	0.3612	0.1729	0.1729	TRUE	2.2678
LOC124722978	0	0	0	1	0	0	0	213	248	42	0	0	0	1	0	0	0	178	177	95	45.14	0	90	3.743	1.904	3.377	0.0007340354957744	0.0219415305531481	6.6941	0.2429	2.6563	6.6941	TRUE	0.0686
LOC124722982	117	191	138	113	130	261	320	286	308	204	126	209	95	85	111	317	332	239	220	461	219.52	125	314	2.132	1.092	4.216	2.4878358303991e-05	0.00172399609958264	0.1018	0.1702	0.1134	0.1134	TRUE	0.517
LOC124723001	14	7	11	9	5	15	23	41	40	6	15	8	8	7	4	18	24	34	29	14	15.99	8	24	2.158	1.11	3.631	0.000282243059757556	0.0107707855830246	0.0709	0.4098	0.1512	0.1512	TRUE	0.2267
LOC124723038	0	0	0	0	0	0	1	51	34	52	0	0	0	0	0	0	1	43	24	118	18.56	0	37	4.99	2.319	3.453	0.000555335697486026	0.0176772964089182	5.1824	0.3739	2.3071	5.1824	TRUE	0.2939
LOC124723088	0	0	0	0	0	0	0	13	19	15	0	0	0	0	0	0	0	11	14	34	5.84	0	12	4.095	2.034	3.324	0.000887947323215265	0.0250174435191841	8.0774	0.8588	3.0761	3.0761	TRUE	0.1888
LOC124727296	7	0	3	17	12	0	0	0	0	0	8	0	2	13	10	0	0	0	0	0	3.26	7	0	0.266	-1.909	-3.294	0.000986133384523374	0.0267589718808576	2.0183	1.4194	1.6957	1.6957	TRUE	0.0377
LOC124738352	11	37	40	78	3	4	4	4	8	4	12	41	27	59	3	5	4	3	6	9	16.8	28	5	0.392	-1.35	-3.372	0.000745032715379893	0.0221701645327203	0.5309	0.3972	0.5006	0.5006	TRUE	0.0851
LOC124742380	117	88	92	127	106	214	273	346	324	48	126	96	63	95	90	260	283	290	232	109	164.38	94	235	2.18	1.125	4.427	9.54670891511161e-06	0.000795078738703823	0.0851	0.1765	0.1006	0.1006	TRUE	0.752
LOC124742890	0	0	1	2	0	3	12	11	12	4	0	0	1	2	0	4	12	9	9	9	4.51	1	9	8.588	3.102	3.992	6.54549573366497e-05	0.00376849802196485	0	1.067	0.3577	0.3577	TRUE	0.4276
LOC124754463	49	21	117	84	70	16	13	15	14	2	53	23	80	63	60	19	13	13	10	5	33.88	56	12	0.256	-1.967	-5.177	2.25872324029971e-07	3.56071585095818e-05	0.1278	0.2733	0.1602	0.1602	TRUE	0.1887
LOC124760025	409	303	1	450	0	0	0	0	1	1	440	332	1	338	0	0	0	0	1	2	111.3	222	1	0.017	-5.897	-4.355	1.33094275880245e-05	0.0010428605924297	4.1321	0.1885	2.2792	4.1321	TRUE	0.2378
LOC124773612	0	2	3	5	6	1	3	35	118	97	0	2	2	4	5	1	3	29	84	219	35.05	3	67	13.573	3.763	4.229	2.34664556365164e-05	0.00164414182824735	1.7268	0.2693	1.2816	1.2816	TRUE	0.328
LOC124774946	1	0	0	0	0	0	1	5	12	11	1	0	0	0	0	0	1	4	9	25	3.98	0	8	3.181	1.67	3.204	0.00135508797501517	0.0336031366388594	2.2605	1.1904	1.7966	1.7966	TRUE	0.381
LOC124775105	115	111	138	87	94	7	0	4	6	0	124	122	95	65	80	8	0	3	4	0	50.17	97	3	0.039	-4.675	-9.518	1.77084768208556e-21	3.34993785802528e-18	0.0881	0.2337	0.1459	0.1459	TRUE	0.4178
LOC124775444	384	196	417	723	409	100	108	144	251	12	413	215	287	542	349	121	112	121	179	27	236.59	361	112	0.404	-1.308	-3.99	6.60947087241246e-05	0.00377045707731348	0.2157	0.1689	0.2051	0.2051	TRUE	0.2775
LOC124775601	95	65	218	221	201	46	14	32	14	14	102	71	150	166	171	56	15	27	10	32	79.92	132	28	0.246	-2.021	-4.95	7.41261333964126e-07	0.000105546049294118	0.237	0.2031	0.2287	0.2287	TRUE	0.5034
LOC124775790	4	6	35	42	38	2	4	2	9	2	4	7	24	32	32	2	4	2	6	5	11.8	20	4	0.404	-1.306	-3.356	0.000791947071185274	0.0232012458332641	0.4118	0.5013	0.432	0.432	TRUE	0.047
LOC124775969	3	3	3	7	6	16	12	23	19	4	3	3	2	5	5	19	12	19	14	9	9.27	4	15	2.901	1.536	3.984	6.78193439798063e-05	0.0037892985357831	0	0.597	0.1463	0.1463	TRUE	0.1057
LOC124776010	7	6	6	12	10	7	23	26	20	37	8	7	4	9	9	8	24	22	14	84	18.79	7	30	2.174	1.12	3.3	0.000967385927335597	0.0264411953134928	0.3792	0.3713	0.3776	0.3776	TRUE	1.3938
LOC124776026	63	64	154	169	122	141	216	306	359	291	68	70	106	127	104	171	224	256	257	658	204.06	95	313	2.718	1.442	4.414	1.01270501455575e-05	0.000832934149238959	0.1748	0.1716	0.1742	0.1742	TRUE	1.9981
LOC124776084	55737	8785	7149	3582	5521	1678	3079	476	2882	313	59942	9623	4913	2687	4708	2036	3194	399	2060	708	9026.99	16375	1679	0.163	-2.615	-4.094	4.24362003460688e-05	0.0026506611555785	0.9968	0.1519	0.7732	0.7732	TRUE	5.366
LOC124776089	0	0	0	1	1	1	4	304	0	301	0	0	0	1	1	1	4	255	0	681	94.22	0	188	27.784	4.796	4.045	5.22756112188013e-05	0.00309032876678289	4.982	0.1952	2.7822	4.982	TRUE	0.3568
LOC124776202	644	406	614	483	1679	1610	1295	1948	3106	1864	693	445	422	362	1432	1953	1343	1631	2221	4216	1471.72	671	2273	2.547	1.349	3.929	8.52868822001007e-05	0.00455390683102312	0.2631	0.1542	0.2402	0.2402	TRUE	1.3373
LOC124776287	4	18	16	16	10	13	37	300	2	129	4	20	11	12	9	16	38	251	1	292	65.41	11	120	4.561	2.189	3.64	0.000272605288828819	0.0105090998845281	1.3096	0.2146	1.0193	1.0193	TRUE	0.0557
LOC124776322	8	9	28	16	13	32	21	23	158	20	9	10	19	12	11	39	22	19	113	45	29.88	12	48	2.539	1.344	3.646	0.000266084236376021	0.0104245191067789	0.3027	0.2896	0.3	0.3	TRUE	0.8532
LOC124776325	187	150	284	383	192	71	62	100	111	3	201	164	195	287	164	86	64	84	79	7	133.2	202	64	0.45	-1.151	-3.649	0.000262825984933623	0.0104024969542516	0.2503	0.1824	0.2311	0.2311	TRUE	1.524
LOC124776394	406	394	1147	831	750	242	189	160	271	95	437	432	788	623	640	294	196	134	194	215	395.17	584	207	0.384	-1.381	-5.614	1.97694911668476e-08	4.36312670052327e-06	0.0681	0.1619	0.0826	0.0826	TRUE	0.1724
LOC124776484	520	644	1007	667	674	726	965	1929	1729	1427	559	705	692	500	575	881	1001	1615	1236	3227	1099.22	606	1592	2.101	1.071	3.889	0.000100794636423659	0.00514912531702459	0.152	0.1552	0.1526	0.1526	TRUE	0.9071
LOC124776485	85	87	119	176	135	43	37	19	24	6	91	95	82	132	115	52	38	16	17	14	65.28	103	27	0.312	-1.679	-4.891	1.00376297542899e-06	0.000129046886608065	0.1393	0.2147	0.1565	0.1565	TRUE	0.9946
LOC124776630	61	48	77	141	58	69	25	371	436	392	66	53	53	106	49	84	26	311	312	887	194.49	65	324	2.412	1.27	3.347	0.000816943539828829	0.0237852756213212	0.6907	0.1726	0.5617	0.5617	TRUE	0.3953
LOC124776648	21	63	143	38	78	18	1	5	15	0	23	69	98	29	67	22	1	4	11	0	32.27	57	8	0.225	-2.153	-3.909	9.28385056177629e-05	0.00487844242615245	0.7173	0.2794	0.5679	0.5679	TRUE	0.3994
LOC124776658	32	42	98	63	54	121	86	119	127	54	34	46	67	47	46	147	89	100	91	122	78.97	48	110	2.003	1.002	4.556	5.20722052605545e-06	0.000480887229270872	0.0394	0.2037	0.0642	0.0642	TRUE	0.3435
LOC124776760	50	52	50	61	86	13	22	30	32	0	54	57	34	46	73	16	23	25	23	0	35.08	53	17	0.494	-1.017	-3.5	0.000465820420984131	0.0154596341219846	0.145	0.2692	0.1898	0.1898	TRUE	0.3992
LOC124777002	19	6	2	29	8	59	704	4	17	16	20	7	1	22	7	72	730	3	12	36	91.06	11	171	5.066	2.341	3.591	0.000329291383776687	0.0121124347332525	1.8233	0.1968	1.3801	1.3801	TRUE	7.3637
LOC124777043	13	10	7	33	4	14	276	822	46	6	14	11	5	25	3	17	286	688	33	14	109.59	12	208	11.41	3.512	4.374	1.21798026932547e-05	0.000977484528873204	1.3633	0.1891	1.0481	1.0481	TRUE	0.3306
LOC124777064	228	253	171	458	128	409	1494	1222	2493	1122	245	277	118	344	109	496	1550	1023	1782	2538	848.17	219	1478	5.996	2.584	5.977	2.27741047702774e-09	6.03149390736026e-07	0.2799	0.1563	0.2532	0.2532	TRUE	0.0771
LOC124777085	25	27	45	45	21	38	40	74	105	123	27	30	31	34	18	46	41	62	75	278	64.19	28	100	2.198	1.136	3.438	0.000586888237178687	0.0185214001530791	0.3487	0.2158	0.3199	0.3199	TRUE	3.7898
LOC124777169	9	24	34	29	23	23	17	108	130	46	10	26	23	22	20	28	18	90	93	104	43.36	20	67	2.015	1.011	3.33	0.000867800445963444	0.0247630244736601	0.2998	0.2467	0.2882	0.2882	TRUE	0.0756
LOC124777181	28	31	73	132	75	51	50	190	246	388	30	34	50	99	64	62	52	159	176	877	160.34	55	265	2.146	1.102	3.202	0.00136299433276229	0.0336730801388773	0.717	0.1772	0.5829	0.5829	TRUE	2.5742
LOC124777187	20	4	11	5	7	7	10	246	244	6	22	4	8	4	6	8	10	206	174	14	45.6	9	82	4.251	2.088	3.627	0.000286260204548706	0.0108304503675256	1.1509	0.242	0.9193	0.9193	TRUE	0.064
LOC124777235	19	18	38	24	16	73	64	234	240	17	20	20	26	18	14	89	66	196	172	38	65.88	20	112	5.034	2.332	5.585	2.3344030172286e-08	4.90228471669038e-06	0.2194	0.2141	0.2183	0.2183	TRUE	0.0561
LOC124777258	13737	39913	18041	16414	6789	92694	110897	209454	180677	31142	14773	43721	12398	12315	5789	112458	115046	175367	129170	70430	69146.72	17799	120494	5.917	2.565	5.713	1.11153404315876e-08	2.58226908763304e-06	0.3979	0.1515	0.2802	0.2802	TRUE	1.0239
LOC124777333	11	24	59	35	19	141	172	177	249	89	12	26	41	26	16	171	178	148	178	201	99.81	24	175	6.814	2.769	9.267	1.91771126706466e-20	3.17429157480878e-17	0.0603	0.1928	0.0908	0.0908	TRUE	1.074
LOC124777364	2	0	1	2	1	4	5	7	18	2	2	0	1	2	1	5	5	6	13	5	3.85	1	7	2.405	1.266	3.215	0.0013059028562448	0.0328759802707103	0	1.2247	0.3676	0.3676	TRUE	0.9824
LOC124777389	725	437	127	931	111	959	11102	1366	5026	986	780	479	87	698	95	1163	11517	1144	3593	2230	2178.65	428	3929	6.398	2.678	4.304	1.67802871148819e-05	0.00126974035414437	0.8413	0.1533	0.6627	0.6627	TRUE	1.023
LOC124777400	15	32	52	23	37	53	53	102	70	65	16	35	36	17	32	64	55	85	50	147	53.75	27	80	2.284	1.191	3.928	8.57627306785398e-05	0.00456092401463946	0.1449	0.2283	0.1613	0.1613	TRUE	0.5659
LOC124777415	56	59	40	53	34	80	389	80	158	136	60	65	27	40	29	97	404	67	113	308	120.92	44	198	3.332	1.736	4.15	3.32477262365097e-05	0.00217953658823694	0.3441	0.1856	0.3126	0.3126	TRUE	0.116
LOC124777456	1	0	4	12	2	18	36	5	7	25	1	0	3	9	2	22	37	4	5	57	13.94	3	25	2.793	1.482	3.301	0.000963826709794644	0.0264411953134928	0.9948	0.4476	0.8405	0.8405	TRUE	0.2369
LOC124777463	59	89	225	194	196	38	56	32	104	10	63	97	155	146	167	46	58	27	74	23	85.62	126	46	0.49	-1.029	-3.647	0.000265290918112425	0.0104242799336639	0.1648	0.1996	0.1719	0.1719	TRUE	0.2489
LOC124777491	38	115	126	210	96	256	525	196	288	207	41	126	87	158	82	311	545	164	206	468	218.62	99	339	2.683	1.424	4.12	3.7960346801971e-05	0.00244015005995971	0.2293	0.1703	0.2171	0.2171	TRUE	0.0736
LOC124777512	5	16	39	27	16	17	29	68	88	105	5	18	27	20	14	21	30	57	63	237	49.16	17	82	2.584	1.369	3.469	0.000521536749629305	0.0169269353887041	0.5514	0.2354	0.4766	0.4766	TRUE	1.5216
LOC124777528	56	53	3	111	44	64	1081	41	303	72	60	58	2	83	38	78	1121	34	217	163	185.4	48	323	2.195	1.134	3.113	0.00185508034768822	0.0417771666055908	1.2019	0.1737	0.922	0.922	TRUE	2.2586
LOC124777551	20	4	24	11	23	57	48	36	126	18	22	4	16	8	20	69	50	30	90	41	35.01	14	56	3.15	1.655	4.308	1.65046133914607e-05	0.00125605799155013	0.2011	0.2694	0.2169	0.2169	TRUE	0.1304
LOC124777558	8	4	3	25	12	15	739	1	111	22	9	4	2	19	10	18	767	1	79	50	95.88	9	183	9.735	3.283	3.988	6.6504510685651e-05	0.00377045707731348	1.855	0.1945	1.3914	1.3914	TRUE	5.7087
LOC124777576	3	2	29	9	7	45	153	34	47	107	3	2	20	7	6	55	159	28	34	242	55.54	8	104	10.538	3.398	5.14	2.75023893039466e-07	4.18605332371104e-05	0.6878	0.2258	0.568	0.568	TRUE	0.1757
LOC124777594	2	1	1	5	4	4	156	2	11	8	2	1	1	4	3	5	162	2	8	18	20.54	2	39	7.133	2.835	3.798	0.000145944401993884	0.00666412334897589	1.4862	0.3525	1.2039	1.2039	TRUE	7.1359
LOC124777599	13337	5187	3532	4376	905	181	288	257	357	98	14343	5682	2427	3283	772	220	299	215	255	222	2771.74	5301	242	0.052	-4.276	-7.581	3.43780272069578e-14	2.16778017273588e-11	0.5184	0.1529	0.4118	0.4118	TRUE	0.3863
LOC124777611	12	9	17	11	9	17	28	57	33	8	13	10	12	8	8	21	29	48	24	18	18.95	10	28	2.163	1.113	3.774	0.000160634677020018	0.00723511698333021	0.0705	0.3694	0.1259	0.1259	TRUE	0.7456
LOC124777619	10	14	3	6	7	19	8	14	57	64	11	15	2	5	6	23	8	12	41	145	26.72	8	46	2.379	1.25	3.245	0.00117491572763136	0.0308083842877119	0.7942	0.306	0.6781	0.6781	TRUE	1.1683
LOC124777625	27	11	4	14	12	69	653	5	25	20	29	12	3	11	10	84	677	4	18	45	89.3	13	166	5.235	2.388	3.676	0.000236896492906762	0.00965019176448911	1.5255	0.1977	1.1717	1.1717	TRUE	4.6608
LOC124777637	19	10	7	12	22	55	49	43	92	5	20	11	5	9	19	67	51	36	66	11	29.46	13	46	2.439	1.287	3.63	0.000283583517791978	0.0107908417890844	0.2709	0.2916	0.2758	0.2758	TRUE	0.1577
LOC124777662	74	61	141	94	233	170	300	293	322	198	80	67	97	71	199	206	311	245	230	448	195.33	103	288	2.273	1.185	4.06	4.91566673530711e-05	0.00293526383644926	0.1502	0.1725	0.1543	0.1543	TRUE	1.2515
LOC124777671	78	120	412	410	300	745	344	1328	1332	1250	84	131	283	308	256	904	357	1112	952	2827	721.37	212	1230	4.727	2.241	4.833	1.34206313363353e-06	0.00016475823199747	0.3945	0.1571	0.327	0.327	TRUE	0.5219
LOC124777672	4	3	1	10	0	21	157	7	14	4	4	3	1	8	0	25	163	6	10	9	22.9	3	43	5.035	2.332	3.622	0.000292690999566134	0.0110422057443155	1.4765	0.3317	1.1432	1.1432	TRUE	4.9717
LOC124777754	12	15	37	40	7	23	41	115	64	117	13	16	25	30	6	28	43	96	46	265	56.78	18	96	3.106	1.635	3.702	0.000214300825499283	0.00898028965589084	0.5371	0.2241	0.4631	0.4631	TRUE	0.931
LOC124777757	0	0	9	0	2	2	4	27	22	24	0	0	6	0	2	2	4	23	16	54	10.71	2	20	2.43	1.281	3.101	0.00192939748805333	0.0428675864711447	1.7266	0.5372	1.2796	1.2796	TRUE	0.638
LOC124777762	186	273	377	341	342	582	664	531	455	959	200	299	259	256	292	706	689	445	325	2169	563.93	261	867	2.351	1.233	3.708	0.000208955423134681	0.00882724639486807	0.2855	0.1587	0.2585	0.2585	TRUE	1.5017
LOC124777770	88	160	194	215	141	31	86	52	48	31	95	175	133	161	120	38	89	44	34	70	95.95	137	55	0.476	-1.07	-4.066	4.7900171552347e-05	0.0028969514342687	0.0978	0.1944	0.1152	0.1152	TRUE	0.4182
LOC124777771	1	1	10	11	8	2	17	26	98	14	1	1	7	8	7	2	18	22	70	32	16.77	5	29	2.3	1.202	3.209	0.00132997087818666	0.0332068164415066	0.7336	0.3977	0.6452	0.6452	TRUE	0.2798
LOC124777831	0	0	0	1	0	2	7	22	27	0	0	0	0	1	0	2	7	18	19	0	4.82	0	9	12.157	3.604	3.88	0.000104249282348018	0.00526340631108787	1.3925	1.0091	1.214	1.214	TRUE	0.0803
LOC124777855	2	5	8	3	8	3	11	26	25	20	2	5	5	2	7	4	11	22	18	45	12.21	4	20	2.114	1.08	3.222	0.00127188337083368	0.0324210731756447	0.3618	0.4896	0.3921	0.3921	TRUE	0.2327
LOC124777858	4	2	4	13	0	12	54	33	37	50	4	2	3	10	0	15	56	28	26	113	25.67	4	48	9.292	3.216	4.784	1.7204826105929e-06	0.000199847637977817	0.6658	0.3123	0.5561	0.5561	TRUE	0.3696
LOC124777872	3	11	2	10	17	6	25	58	58	100	3	12	1	8	14	7	26	49	41	226	38.8	8	70	4.888	2.289	3.836	0.000125096622237479	0.00598025080024801	0.923	0.2578	0.7528	0.7528	TRUE	1.5057
LOC124777878	1	2	5	1	3	1	11	23	23	3	1	2	3	1	3	1	11	19	16	7	6.51	2	11	2.186	1.128	3.164	0.0015585077618484	0.0370516333615737	0	0.7857	0.47	0.47	TRUE	0.082
LOC124777899	0	0	0	0	0	7	90	5	2	0	0	0	0	0	0	8	93	4	1	0	10.75	0	21	27.042	4.757	4.094	4.23264935495842e-05	0.0026506611555785	5.1276	0.5357	2.5461	2.5461	TRUE	8.3562
LOC124777923	21	15	1	4	14	0	0	0	1	0	23	16	1	3	12	0	0	0	1	0	5.54	11	0	0.088	-3.514	-3.879	0.000105076827469133	0.0052705581414631	1.1714	0.8976	1.0751	1.0751	TRUE	0.0488
LOC124777925	9	8	6	26	21	0	0	5	4	1	10	9	4	20	18	0	0	4	3	2	6.93	12	2	0.42	-1.253	-3.233	0.00122614332815578	0.0316265964558599	0.3448	0.7476	0.47	0.47	TRUE	0.1606
LOC124777946	0	0	0	1	1	4	18	11	6	15	0	0	0	1	1	5	19	9	4	34	7.26	0	14	20.991	4.392	4.474	7.66481381563162e-06	0.000672168639381416	0.5741	0.7207	0.6188	0.6188	TRUE	0.1739
LOC124777956	31	43	7	51	86	0	1	2	5	1	33	47	5	38	73	0	1	2	4	2	20.54	39	2	0.058	-4.104	-5.435	5.46654561024168e-08	9.91616396860552e-06	0.547	0.3525	0.4915	0.4915	TRUE	0.1047
LOC124781286	1380	665	1759	11582	3703	934	753	191	40	264	1484	728	1209	8690	3158	1133	781	160	29	597	1796.84	3054	540	0.493	-1.022	-3.066	0.00216842270241614	0.0464631932449749	1.0303	0.1537	0.7973	0.7973	TRUE	0.7921
LOC124787699	51	71	94	40	146	20	14	13	62	3	55	78	65	30	124	24	15	11	44	7	45.25	70	20	0.486	-1.041	-3.345	0.00082208873168324	0.0238207855250535	0.316	0.2427	0.2992	0.2992	TRUE	0.4683
LOC124787768	0	513	2	894	425	1	3	8	8	2	0	562	1	671	362	1	3	7	6	5	161.77	319	4	0.038	-4.73	-4.242	2.21163794989479e-05	0.00155779307087802	2.444	0.1769	1.6992	2.444	TRUE	0.0315
LOC124787797	39	3	110	58	24	97	65	270	361	880	42	3	76	44	20	118	67	226	258	1990	284.43	37	532	9.596	3.262	4.393	1.11847093916711e-05	0.000908637556837477	1.1822	0.1659	0.9055	0.9055	TRUE	5.4746
LOC124787799	1	0	5	3	7	26	1	172	257	170	1	0	3	2	6	32	1	144	184	384	75.75	2	149	38.658	5.273	5.636	1.7433683630391e-08	3.94918302302968e-06	1.5618	0.2059	1.1142	1.1142	TRUE	0.1387
LOC124787813	23	17	6	113	61	4	12	2	9	1	25	19	4	85	52	5	12	2	6	2	21.19	37	5	0.328	-1.608	-3.489	0.00048421190689224	0.0159500847538981	0.6919	0.3463	0.6077	0.6077	TRUE	0.1446
LOC124787892	128	478	787	326	374	597	437	1618	1726	3242	138	524	541	245	319	724	453	1355	1234	7332	1286.39	353	2220	3.893	1.961	3.874	0.000106947907221847	0.00534416674502527	0.6984	0.1546	0.561	0.561	TRUE	3.5036
LOC124787932	570	115	1091	2010	1124	145	56	183	415	102	613	126	750	1508	958	176	58	153	297	231	486.98	791	183	0.353	-1.502	-3.748	0.000178033100592424	0.00783227348187667	0.4451	0.1599	0.378	0.378	TRUE	0.1025
LOC124788012	27	19	34	13	17	29	38	62	101	25	29	21	23	10	14	35	39	52	72	57	35.27	19	51	2.113	1.079	3.882	0.000103493283219997	0.00525079715095477	0.0873	0.2685	0.1229	0.1229	TRUE	0.2216
LOC124788015	688	726	791	1272	753	1821	1079	3860	2501	717	740	795	544	954	642	2209	1119	3232	1788	1622	1364.52	735	1994	2.407	1.267	4.819	1.44146454903858e-06	0.000173526123257899	0.1007	0.1544	0.1064	0.1064	TRUE	0.2436
LOC124788080	236	317	366	382	437	48	36	240	180	15	254	347	252	287	373	58	37	201	129	34	197.09	303	92	0.444	-1.172	-3.613	0.000302728118054705	0.0112921851810716	0.2852	0.1724	0.2598	0.2598	TRUE	2.0601
LOC124788119	57	33	38	42	52	6	6	11	18	10	61	36	26	32	44	7	6	9	13	23	25.76	40	12	0.337	-1.569	-4.458	8.28440561786849e-06	0.000707755478656868	0.0966	0.3117	0.1455	0.1455	TRUE	0.2969
LOC124788165	23	25	40	27	24	38	37	66	82	50	25	27	27	20	20	46	38	55	59	113	43.18	24	62	2.083	1.059	3.988	6.66279229792596e-05	0.00377045707731348	0.0765	0.2471	0.1077	0.1077	TRUE	0.8261
LOC124788214	843	508	762	1331	860	243	168	240	313	38	907	556	524	999	733	295	174	201	224	86	469.84	744	196	0.293	-1.77	-5.833	5.45207360783259e-09	1.31266106754399e-06	0.1186	0.1602	0.1261	0.1261	TRUE	0.154
LOC124788222	906	2341	8548	5608	2191	12	27	72	74	12	974	2564	5874	4207	1868	15	28	60	53	27	1567.15	3097	37	0.013	-6.244	-12.402	2.56130693917073e-35	1.69584132442494e-31	0.3485	0.154	0.3025	0.3025	TRUE	0.0775
LOC124788242	19	35	131	62	54	0	0	0	0	0	20	38	90	47	46	0	0	0	0	0	24.14	48	0	0.007	-7.225	-7.584	3.34806422591593e-14	2.16778017273588e-11	0.272	0.3225	0.2902	0.2902	TRUE	0.2005
LOC124788266	126	183	293	324	121	751	275	582	642	182	136	200	201	243	103	911	285	487	459	412	343.79	177	511	2.422	1.276	4.32	1.56243560841109e-05	0.00120289373991742	0.1434	0.1634	0.1471	0.1471	TRUE	0.5936
LOC124788290	1	0	1	2	0	1	2	53	63	38	1	0	1	2	0	1	2	44	45	86	18.19	1	36	28.963	4.856	4.671	3.00151231649119e-06	0.000323138423536393	1.5048	0.3785	1.1347	1.1347	TRUE	0.0863
LOC124788385	1	0	2	1	0	0	2	6	16	22	1	0	1	1	0	0	2	5	11	50	7.15	1	14	3.183	1.67	3.233	0.00122395128703423	0.0316265964558599	1.7938	0.7292	1.4382	1.4382	TRUE	1.0654
LOC124788415	0	1	1	2	1	0	0	26	44	11	0	1	1	2	1	0	0	22	31	25	8.22	1	16	3.131	1.647	3.23	0.00123589010313745	0.0317779742635847	0	0.6537	1.4813	1.4813	TRUE	0.0322
LOC124788526	10	6	17	7	12	4	2	1	1	0	11	7	12	5	10	5	2	1	1	0	5.3	9	2	0.447	-1.162	-3.218	0.00128969314716474	0.0326541427433182	0.0346	0.9311	0.2945	0.2945	TRUE	0.5461
LOC124788538	128	1	1	4	175	0	1	0	0	0	138	1	1	3	149	0	1	0	0	0	29.27	58	0	0.06	-4.062	-3.862	0.000112429383913649	0.00549191444586008	3.6164	0.2925	2.1952	3.6164	TRUE	0.0725
LOC124788914	2	2	6	10	1	5	11	59	46	8	2	2	4	8	1	6	11	49	33	18	13.47	3	23	4.183	2.065	3.88	0.000104536766335607	0.00526340631108787	0.4714	0.4581	0.468	0.468	TRUE	0.1384
LOC124789001	14	50	75	52	72	0	0	0	1	0	15	55	52	39	61	0	0	0	1	0	22.25	44	0	0.01	-6.581	-6.989	2.77175359722827e-12	1.11222912528778e-09	0	0.3371	0.2596	0.2596	TRUE	0.1903
LOC124789002	17	141	1150	478	133	0	1	0	0	0	18	154	790	359	113	0	1	0	0	0	143.61	287	0	0.002	-8.755	-7.973	1.5482344792523e-15	1.36678139828393e-12	1.3419	0.1802	0.8419	0.8419	TRUE	0.236
LOC124789136	37	230	438	142	134	0	1	0	1	0	40	252	301	107	114	0	1	0	1	0	81.53	163	0	0.005	-7.773	-8.072	6.91713584491488e-16	7.04590098910483e-13	0	0.2021	0.3898	0.3898	TRUE	0.0524
LOC124789209	3	0	3	6	11	9	2	7	31	67	3	0	2	5	9	11	2	6	22	152	21.17	4	39	2.365	1.242	3.105	0.00190362665708587	0.0425445456887984	1.568	0.3465	1.2219	1.2219	TRUE	3.7352
LOC124789268	38	38	118	98	71	112	89	388	422	150	41	42	81	74	61	136	92	325	302	339	149.17	60	239	3.396	1.764	4.909	9.17673645264075e-07	0.00012274580212714	0.1911	0.1791	0.1889	0.1889	TRUE	0.081
LOC124789336	17	67	86	60	41	75	72	282	284	132	18	73	59	45	35	91	75	236	203	299	113.41	46	181	3.019	1.594	4.194	2.73486409332069e-05	0.00184770766957921	0.2678	0.1878	0.2505	0.2505	TRUE	0.0633
LOC124789397	654	466	611	711	763	205	189	352	368	41	703	510	420	533	651	249	196	295	263	93	391.31	563	219	0.45	-1.152	-4.467	7.91971694939957e-06	0.000685599249015296	0.0949	0.162	0.1068	0.1068	TRUE	0.3876
LOC124789506	45	32	108	136	53	94	162	235	278	69	48	35	74	102	45	114	168	197	199	156	113.86	61	167	2.339	1.226	4.445	8.80883703491453e-06	0.000742972102014893	0.1006	0.1877	0.1162	0.1162	TRUE	0.9521
LOC124789508	190	214	265	254	341	781	612	986	964	79	204	234	182	191	291	948	635	826	689	179	437.8	220	655	2.406	1.266	4.115	3.87504250954459e-05	0.00246698619766295	0.1758	0.1608	0.1728	0.1728	TRUE	0.3492
LOC124789546	21	23	47	20	44	57	60	87	95	29	23	25	32	15	38	69	62	73	68	66	47.03	27	68	2.286	1.193	4.9	9.57881926081615e-07	0.000126842724651727	0.022	0.2392	0.0656	0.0656	TRUE	0.47
LOC124789548	50	38	58	47	66	91	87	119	121	71	54	42	40	35	56	110	90	100	87	161	77.42	45	110	2.161	1.112	4.924	8.4770783690736e-07	0.000116930699753409	0.0363	0.2048	0.0627	0.0627	TRUE	0.5091
LOC124789584	131	104	175	96	93	19	18	82	43	13	141	114	120	72	79	23	19	69	31	29	69.69	105	34	0.408	-1.293	-4.117	3.83462593188143e-05	0.00245304911062676	0.1498	0.2107	0.162	0.162	TRUE	0.6432
LOC124789606	660	151	191	507	1479	68	177	92	192	21	710	165	131	380	1261	82	184	77	137	47	317.59	529	105	0.305	-1.712	-3.855	0.000115561592440512	0.00556942024583081	0.5182	0.1644	0.4291	0.4291	TRUE	0.2099
LOC124789613	743	46	159	487	1403	28	97	202	90	26	799	50	109	365	1196	34	101	169	64	59	294.73	504	85	0.33	-1.598	-3.546	0.000390767781210692	0.013440381711148	0.7713	0.1654	0.6173	0.6173	TRUE	0.1089
LOC124789632	166	193	291	382	422	91	115	111	142	37	179	211	200	287	360	110	119	93	102	84	174.42	247	102	0.45	-1.151	-5.159	2.4843207594691e-07	3.82527622056858e-05	0.0491	0.1751	0.0663	0.0663	TRUE	0.2332
LOC124789650	28	176	1101	374	128	0	0	2	0	0	30	193	757	281	109	0	0	2	0	0	137.09	274	0	0.003	-8.273	-7.828	4.9654779783077e-15	3.8678152581618e-12	1.1771	0.1815	0.7347	0.7347	TRUE	0.3574
LOC124789661	4	28	3	21	19	1	0	0	5	0	4	31	2	16	16	1	0	0	4	0	7.38	14	1	0.312	-1.681	-3.309	0.000937238801865423	0.0259642598625563	1.0271	0.7113	0.9192	0.9192	TRUE	0.4189
LOC124789667	1208	1007	2418	1686	1025	2137	2626	3062	5041	3738	1299	1103	1662	1265	874	2593	2724	2564	3604	8454	2614.11	1241	3988	2.7	1.433	4.495	6.94071991112217e-06	0.000621006845020809	0.1717	0.153	0.168	0.168	TRUE	3.0297
LOC124789669	7	13	11	7	8	27	28	22	21	17	8	14	8	5	7	33	29	18	15	38	17.51	8	27	2.407	1.267	3.87	0.000109057291750296	0.00540875152568321	0.0874	0.3873	0.1492	0.1492	TRUE	0.1349
LOC124789719	3	0	0	1	5	48	20	36	56	1	3	0	0	1	4	58	21	30	40	2	15.97	2	30	13.018	3.702	4.618	3.87401864056109e-06	0.000400779334674296	0.9319	0.4101	0.7223	0.7223	TRUE	0.1529
LOC124789741	4	3	4	4	4	20	18	11	25	24	4	3	3	3	3	24	19	9	18	54	14.1	3	25	5.81	2.539	4.857	1.18943692859164e-06	0.000150004988651528	0.2064	0.4443	0.2556	0.2556	TRUE	0.4405
LOC124789749	2	0	2	3	1	6	4	121	223	172	2	0	1	2	1	7	4	101	159	389	66.78	1	132	62.949	5.976	6.11	9.95922311401207e-10	2.74750067657808e-07	1.46	0.2133	1.0757	1.0757	TRUE	0.2236
LOC124789762	1	4	4	2	3	164	2	350	301	292	1	4	3	2	3	199	2	293	215	660	138.19	3	274	81.058	6.341	7.419	1.17654488527273e-13	6.49158640449231e-11	1.09	0.1813	0.8285	0.8285	TRUE	0.1614
LOC124789780	3	1	2	2	7	36	31	30	49	12	3	1	1	2	6	44	32	25	35	27	17.63	3	33	11.346	3.504	7.094	1.30102605130476e-12	5.94075412806126e-10	0.0215	0.3857	0.1334	0.1334	TRUE	0.645
LOC124789786	1	0	3	0	7	18	41	46	70	7	1	0	2	0	6	22	43	39	50	16	17.79	2	34	15.038	3.911	5.825	5.71883328236983e-09	1.35229982723467e-06	0.3597	0.3836	0.3707	0.3707	TRUE	0.5797
LOC124789795	11	2	17	19	27	27	14	27	122	306	12	2	12	14	23	33	15	23	87	692	91.21	13	170	7.243	2.857	3.987	6.69277874349262e-05	0.00377130962218423	1.3174	0.1967	1.0193	1.0193	TRUE	5.9925
LOC124789846	16	3	9	26	55	211	274	4	225	561	17	3	6	20	47	256	284	3	161	1269	206.63	19	395	14.131	3.821	4.594	4.34714935361203e-06	0.000420182129492924	1.4252	0.1714	1.0775	1.0775	TRUE	0.866
LOC124789856	1	1	1	0	1	0	0	74	95	5	1	1	1	0	1	0	0	62	68	11	14.49	1	28	9.142	3.192	3.723	0.000197063882344067	0.00848924843228287	2.6324	0.4365	1.8043	1.8043	TRUE	0.0401
LOC124789858	1	1	1	2	1	4	6	9	16	1	1	1	1	2	1	5	6	8	11	2	3.75	1	6	2.516	1.331	3.267	0.00108613854336176	0.0291737253371123	0	1.2522	0.3308	0.3308	TRUE	0.1275
LOC124789869	10	3	0	3	5	7	16	22	68	8	11	3	0	2	4	8	17	18	49	18	13.08	4	22	2.429	1.28	3.292	0.000993666162741596	0.0269082358425853	0.5815	0.4673	0.5479	0.5479	TRUE	0.8569
LOC124789886	0	7	8	10	4	20	14	43	31	4	0	8	5	8	3	24	15	36	22	9	13.01	5	21	2.742	1.455	3.649	0.000263444998183861	0.0104024969542516	0.2178	0.4689	0.2985	0.2985	TRUE	0.176
LOC124789889	12	6	35	11	19	1	3	1	0	0	13	7	24	8	16	1	3	1	0	0	7.31	14	1	0.12	-3.065	-4.267	1.98061356661866e-05	0.00143324578116015	0.2178	0.7161	0.366	0.366	TRUE	0.374
LOC124789963	5	26	2	16	21	3	151	79	244	24	5	28	1	12	18	4	157	66	174	54	52.03	13	91	2.887	1.529	3.389	0.000700878223189445	0.0214561407000915	0.9923	0.2308	0.7885	0.7885	TRUE	0.0756
LOC124789965	17	2	54	70	49	209	65	405	128	104	18	2	37	53	42	254	67	339	92	235	113.87	30	197	4.597	2.201	4.213	2.51716742485683e-05	0.00172706378445358	0.578	0.1877	0.4723	0.4723	TRUE	0.0907
LOC124790081	0	6	4	2	0	3	9	19	28	59	0	7	3	2	0	4	9	16	20	133	19.32	2	36	6.889	2.784	3.786	0.000153167471875405	0.00696990949338181	1.5701	0.3652	1.1664	1.1664	TRUE	3.4271
LOC124790095	0	2	0	1	3	2	12	4	7	12	0	2	0	1	3	2	12	3	5	27	5.59	1	10	2.251	1.171	3.075	0.00210813324295071	0.0455981817869935	0.7664	0.8908	0.8032	0.8032	TRUE	0.3333
LOC124790115	6	5	1	19	23	8	31	36	48	73	6	5	1	14	20	10	32	30	34	165	31.79	9	54	2.143	1.1	3.129	0.00175626097857023	0.040350446001842	0.879	0.2813	0.7235	0.7235	TRUE	1.9905
LOC124790591	18	0	27	10	20	0	0	0	0	0	19	0	19	8	17	0	0	0	0	0	6.25	13	0	0.041	-4.597	-4.255	2.08639792102877e-05	0.001485380713455	2.0239	0.8126	1.3006	1.3006	TRUE	0.1137
LOC124791362	72	66	126	156	110	201	219	374	537	126	77	72	87	117	94	244	227	313	384	285	190.02	89	291	3.083	1.624	7.59	3.20811517134853e-14	2.16778017273588e-11	0.0354	0.1731	0.0531	0.0531	TRUE	0.1888
LOC124791378	25	18	17	34	25	52	72	168	155	31	27	20	12	26	21	63	75	141	111	70	56.45	21	92	4.029	2.011	6.254	4.00199290817194e-10	1.15205195847854e-07	0.0898	0.2246	0.1143	0.1143	TRUE	0.1698
LOC124791394	1133	1317	1321	1303	1512	2201	2555	2791	5202	2645	1218	1443	908	978	1289	2670	2651	2337	3719	5982	2319.44	1167	3472	2.685	1.425	5.324	1.01333837404757e-07	1.72033676270999e-05	0.095	0.1532	0.1042	0.1042	TRUE	0.6494
LOC124791708	7	15	23	8	5	0	0	0	0	0	8	16	16	6	4	0	0	0	0	0	5	10	0	0.034	-4.885	-4.893	9.92454405425795e-07	0.000128843933692631	0.2971	0.977	0.5344	0.5344	TRUE	0.0322
LOC124794670	112	107	145	370	1084	70	39	43	144	10	120	117	100	278	924	85	40	36	103	23	182.62	308	57	0.323	-1.629	-3.663	0.000249669853486141	0.0100266398009558	0.6207	0.174	0.5107	0.5107	TRUE	1.7522
LOC124794714	47	12	42	60	21	104	104	192	50	26	51	13	29	45	18	126	108	161	36	59	64.48	31	98	2.012	1.008	3.368	0.000757375113194287	0.0223865206449079	0.2854	0.2155	0.2702	0.2702	TRUE	0.0714
LOC124794744	25	28	3	3	28	0	0	4	0	0	27	31	2	2	24	0	0	3	0	0	8.91	17	1	0.193	-2.373	-3.514	0.000441348410326611	0.0147957864545443	1.6609	0.615	1.2334	1.2334	TRUE	0.4043
LOC124794821	43	74	87	40	65	85	110	173	157	139	46	81	60	30	55	103	114	145	112	314	106.12	54	158	2.251	1.171	3.904	9.44921180329715e-05	0.00489384541574644	0.1663	0.1903	0.1709	0.1709	TRUE	2.5066
LOC124794839	0	3	11	10	3	10	7	23	29	15	0	3	8	8	3	12	7	19	21	34	11.42	4	19	2.02	1.014	3.168	0.00153393938885251	0.0365989646615945	0.3244	0.5131	0.3816	0.3816	TRUE	0.1688
LOC124794920	4	3	8	9	14	11	12	31	55	45	4	3	5	7	12	13	12	26	39	102	22.46	6	38	3.824	1.935	3.935	8.3287539243824e-05	0.00446515625371141	0.4481	0.3353	0.4224	0.4224	TRUE	0.621
LOC124794930	200	346	342	133	234	427	544	664	759	296	215	379	235	100	200	518	564	556	543	669	397.88	226	570	2.163	1.113	4.288	1.80583085766794e-05	0.00132848956762438	0.1001	0.1618	0.1139	0.1139	TRUE	1.234
LOC124795045	329	2881	2834	864	1230	2260	5593	4910	5820	5828	354	3156	1947	648	1049	2742	5802	4111	4161	13181	3715.07	1431	5999	2.502	1.323	3.532	0.000413043166415649	0.0139974399056519	0.5548	0.1525	0.4114	0.4114	TRUE	0.9389
LOC124795106	36	5	51	53	31	11	8	4	7	0	39	5	35	40	26	13	8	3	5	0	17.54	29	6	0.393	-1.349	-3.46	0.000539222180173242	0.0172890559560631	0.3973	0.3868	0.3941	0.3941	TRUE	0.539
LOC124795140	136	620	794	573	338	395	258	8057	1019	2212	146	679	546	430	288	479	268	6746	729	5003	1531.3	418	2645	2.863	1.518	3.432	0.000599232343920593	0.0187589472770603	0.9225	0.1541	0.7213	0.7213	TRUE	0.0989
LOC124795141	2897	5017	3077	4856	3445	5607	4213	15082	15848	5479	3116	5496	2114	3643	2938	6803	4371	12628	11330	12391	6482.86	3461	9505	2.246	1.167	4.076	4.57810878039693e-05	0.00279466368716505	0.1425	0.152	0.1533	0.1533	TRUE	0.1639
LOC124795184	396	682	804	660	408	837	981	1672	1333	1068	426	747	552	495	348	1015	1018	1400	953	2415	937	514	1360	2.247	1.168	4.295	1.74527372907667e-05	0.00130570139663465	0.121	0.1558	0.1269	0.1269	TRUE	1.1108
LOC124795348	21	6	29	38	26	8	3	0	0	0	23	7	20	29	22	10	3	0	0	0	11.26	20	3	0.398	-1.329	-3.209	0.00133077650691609	0.0332068164415066	1.0186	0.5183	0.7897	0.7897	TRUE	1.8696
LOC124795373	30	2	81	6	70	0	0	0	0	0	32	2	56	5	60	0	0	0	0	0	15.43	31	0	0.013	-6.234	-5.431	5.59252796413605e-08	1.00076020677148e-05	1.7156	0.4191	1.1192	1.1192	TRUE	0.0247
LOC124795391	24	23	20	32	18	137	117	176	319	431	26	25	14	24	15	166	121	147	228	975	174.19	21	327	13.865	3.793	6.839	7.99616130491256e-12	3.02529051427578e-09	0.4451	0.1751	0.3824	0.3824	TRUE	4.3135
LOC124795417	153	143	241	256	336	252	724	1047	2214	179	165	157	166	192	287	306	751	877	1583	405	488.65	193	784	3.398	1.764	4.745	2.08886613123883e-06	0.000232443405965248	0.2295	0.1599	0.2154	0.2154	TRUE	0.2477
LOC124795427	3	2	7	4	2	327	253	1	1	0	3	2	5	3	2	397	262	1	1	0	67.57	3	132	4.94	2.305	3.415	0.000637180043902171	0.0197600424856031	2.9205	0.2125	2.0539	2.9205	TRUE	0.1007
LOC124795430	112	70	163	187	142	42	38	36	78	9	120	77	112	140	121	51	39	30	56	20	76.72	114	39	0.393	-1.348	-5.079	3.79491657014283e-07	5.58358724687015e-05	0.0592	0.2052	0.0874	0.0874	TRUE	0.4335
LOC124795445	21	22	14	46	44	22	348	172	180	96	23	24	10	35	38	27	361	144	129	217	100.59	26	176	5.494	2.458	4.796	1.61521665186216e-06	0.000190970525928202	0.4381	0.1925	0.3807	0.3807	TRUE	0.1265
LOC124795446	3	0	1	0	1	3	1	63	58	25	3	0	1	0	1	4	1	53	41	57	16.02	1	31	18.653	4.221	4.4	1.08364677899425e-05	0.000885780904163078	1.4673	0.4092	1.1057	1.1057	TRUE	0.1588
LOC124795456	22	49	32	22	23	53	54	111	121	42	24	54	22	17	20	64	56	93	87	95	53.02	27	79	2.452	1.294	4.298	1.72539827190986e-05	0.00129816613162673	0.11	0.2293	0.1338	0.1338	TRUE	0.9403
LOC124795460	37	26	90	191	183	76	85	202	456	1075	40	28	62	143	156	92	88	169	326	2431	353.62	86	621	2.731	1.449	3.321	0.000896527217081147	0.0250989712655149	1.138	0.1631	0.8794	0.8794	TRUE	6.7866
LOC124795471	5	9	7	9	5	14	18	19	48	19	5	10	5	7	4	17	19	16	34	43	15.99	6	26	3.26	1.705	4.368	1.2537129033646e-05	0.000994111752476286	0.1027	0.4097	0.1674	0.1674	TRUE	0.1078
LOC124795472	1	4	2	6	3	89	70	82	8	50	1	4	1	5	3	108	73	69	6	113	38.19	3	74	21.778	4.445	6.429	1.28846050798136e-10	4.26544851167229e-08	0.5592	0.2595	0.4813	0.4813	TRUE	0.1888
LOC124795555	11	0	33	26	21	0	0	0	0	0	12	0	23	20	18	0	0	0	0	0	7.19	15	0	0.032	-4.987	-4.483	7.37060017376948e-06	0.000651860396419398	2.0048	0.7257	1.2239	1.2239	TRUE	0.1987
LOC124795556	48	56	100	98	65	6	11	18	8	9	52	61	69	74	55	7	11	15	6	20	37.05	62	12	0.194	-2.364	-7.148	8.82169388303292e-13	4.17203108568293e-10	0.0209	0.2629	0.0875	0.0875	TRUE	0.4191
LOC124795583	1	2	3	4	0	15	5	22	17	0	1	2	2	3	0	18	5	18	12	0	6.23	2	11	2.148	1.103	3.093	0.00197917800749882	0.0435353408227564	0.5044	0.8146	0.6137	0.6137	TRUE	0.0667
LOC124795620	131	338	338	341	360	469	1622	649	1181	537	141	370	232	256	307	569	1683	543	844	1214	616.01	261	971	3.208	1.682	4.996	5.85563842176869e-07	8.42830043272403e-05	0.1735	0.1581	0.1702	0.1702	TRUE	0.1618
LOC124795640	4	42	9	4	29	45	88	126	181	40	4	46	6	3	25	55	91	105	129	90	55.55	17	94	3.53	1.82	3.83	0.000128195839582326	0.00608447780555257	0.5699	0.2258	0.4789	0.4789	TRUE	1.5571
LOC124795649	3	0	1	0	2	11	3	24	3	16	3	0	1	0	2	13	3	20	2	36	8.05	1	15	4.781	2.257	3.584	0.000338357911010784	0.0123430728859637	0.9616	0.6645	0.871	0.871	TRUE	0.1641
LOC124795738	12	12	12	22	17	4	5	3	6	0	13	13	8	17	14	5	5	3	4	0	8.21	13	3	0.453	-1.141	-3.446	0.000568087242042085	0.0180398351537681	0	0.6543	0.1574	0.1574	TRUE	0.252
LOC124795844	151	100	170	137	151	200	133	399	423	563	162	110	117	103	129	243	138	334	302	1273	291.07	124	458	2.391	1.258	3.586	0.000336338817213398	0.0123063655930929	0.3718	0.1656	0.3255	0.3255	TRUE	2.3721
LOC124795918	396	398	394	549	290	438	706	1108	1120	942	426	436	271	412	247	531	732	928	801	2130	691.44	358	1024	2.262	1.177	3.95	7.81306990458648e-05	0.00422288455822588	0.1789	0.1574	0.1746	0.1746	TRUE	1.3549
LOC124795919	0	1	2	3	0	88	54	156	11	42	0	1	1	2	0	107	56	131	8	95	40.1	1	79	58.583	5.872	6.997	2.61090297335204e-12	1.08042428666024e-09	0.6716	0.2544	0.5312	0.5312	TRUE	0.1404
LOC124795954	4	1	3	6	2	1	2	99	5	27	4	1	2	5	2	1	2	83	4	61	16.45	3	30	2.877	1.525	3.251	0.00115105178807538	0.030423608338711	1.4261	0.4025	1.1738	1.1738	TRUE	0.0919
LOC124796020	10	12	20	16	17	32	29	82	116	3	11	13	14	12	14	39	30	69	83	7	29.14	13	46	2.343	1.228	3.565	0.00036337051293422	0.0128393847746849	0.2714	0.2931	0.2765	0.2765	TRUE	0.0663
LOC124796240	7	4	10	11	26	20	16	61	29	43	8	4	7	8	22	24	17	51	21	97	25.91	10	42	2.298	1.2	3.385	0.000712745261149449	0.0215976493092471	0.4072	0.3108	0.3852	0.3852	TRUE	0.3836
LOC124796276	12	14	15	35	22	89	18	9	228	43	13	15	10	26	19	108	19	8	163	97	47.8	17	79	2.245	1.166	3.271	0.00107022519588382	0.0288047196014097	0.6152	0.2378	0.5267	0.5267	TRUE	0.0768
LOC124796285	24	12	25	5	13	24	38	68	47	105	26	13	17	4	11	29	39	57	34	237	46.75	14	79	3.266	1.707	3.714	0.000203855284144208	0.00870678481303093	0.5712	0.2398	0.4926	0.4926	TRUE	4.3094
LOC124796310	0	1	48	20	4	37	34	123	257	55	0	1	33	15	3	45	35	103	184	124	54.38	10	98	4.223	2.078	3.648	0.000263950987511595	0.0104024969542516	1.2076	0.2274	0.8779	0.8779	TRUE	0.5139
LOC124796321	0	1	2	0	2	44	34	19	5	4	0	1	1	0	2	53	35	16	4	9	12.14	1	23	18.487	4.208	4.789	1.67841722155554e-06	0.000196686733166712	0.7327	0.4918	0.6609	0.6609	TRUE	0.0974
LOC124796352	27	49	42	34	42	56	88	108	121	33	29	54	29	26	36	68	91	90	87	75	58.37	35	82	2.181	1.125	4.898	9.67693646021528e-07	0.00012687326000611	0.0255	0.2222	0.0609	0.0609	TRUE	0.6323
LOC124796406	2	3	4	10	6	11	0	35	9	64	2	3	3	8	5	13	0	29	6	145	21.46	4	39	2.255	1.173	3.074	0.00211427908300967	0.0455981817869935	1.4998	0.3439	1.1709	1.1709	TRUE	1.61
LOC124797805	391	722	317	411	644	1053	2155	1698	2647	5186	420	791	218	308	549	1278	2236	1422	1892	11729	2084.26	457	3711	6.474	2.695	4.833	1.3437463416196e-06	0.00016475823199747	0.5702	0.1534	0.468	0.468	TRUE	7.7339
LOC124797990	792	436	1259	993	622	210	143	443	393	30	852	478	865	745	530	255	148	371	281	68	459.28	694	225	0.414	-1.271	-3.999	6.35837730973568e-05	0.00369237803209963	0.203	0.1604	0.1941	0.1941	TRUE	0.3165
LOC124798208	329	35	280	205	124	17	37	11	57	13	354	38	192	154	106	21	38	9	41	29	98.25	169	28	0.207	-2.273	-4.644	3.41225735716257e-06	0.000355788282862573	0.4037	0.1934	0.3549	0.3549	TRUE	0.1783
LOC124798287	52	105	115	65	104	157	148	223	204	261	56	115	79	49	89	190	154	187	146	590	165.43	78	253	2.419	1.274	3.842	0.000122013078064905	0.00585397528889663	0.2408	0.1764	0.2276	0.2276	TRUE	5.6085
LOC124798323	127	88	172	169	270	302	325	571	570	197	137	96	118	127	230	366	337	478	408	446	274.29	142	407	2.657	1.41	5.897	3.69999041381763e-09	9.07319871477279e-07	0.0595	0.1665	0.0753	0.0753	TRUE	0.9026
LOC124798325	5013	1617	2386	1962	406	11774	10436	18447	9700	705	5391	1771	1640	1472	346	14284	10826	15445	6935	1594	5970.53	2124	9817	2.343	1.228	3.345	0.000821962417121149	0.0238207855250535	0.5714	0.1521	0.5233	0.5233	TRUE	0.4274
LOC124798344	177	199	580	478	675	122	151	58	135	6	190	218	399	359	576	148	157	49	97	14	220.44	348	93	0.429	-1.22	-3.509	0.00044933068670735	0.0150253458418655	0.404	0.1701	0.3456	0.3456	TRUE	0.2333
LOC124798455	152	116	334	242	203	291	508	986	1183	251	163	127	230	182	173	353	527	826	846	568	399.37	175	624	3.296	1.721	6.453	1.09864113553922e-10	3.73030920943857e-08	0.0811	0.1617	0.0935	0.0935	TRUE	0.085
LOC124798509	5	50	16	64	28	32	117	939	319	152	5	55	11	48	24	39	121	786	228	344	166.12	29	304	7.904	2.983	4.597	4.29380670451026e-06	0.000418077855743566	0.8079	0.1763	0.6432	0.6432	TRUE	0.286
LOC124798514	10	8	13	14	19	107	116	167	207	84	11	9	9	11	16	130	120	140	148	190	78.31	11	146	12.714	3.668	13.16	1.48227308632389e-39	1.96282602091009e-35	0	0.2041	0.0518	0.0518	TRUE	0.2975
LOC124798520	0	0	0	0	0	3	8	6	9	5	0	0	0	0	0	4	8	5	6	11	3.47	0	7	24.784	4.631	4.701	2.59155393018953e-06	0.000281289812652211	0.0025	1.3416	0.4912	0.4912	TRUE	0.0676
LOC124798525	5	2	2	3	4	289	258	105	278	156	5	2	1	2	3	351	268	88	199	353	127.23	3	252	79.155	6.307	11.744	7.59146270242018e-32	2.62148947878377e-28	0.2159	0.1839	0.2078	0.2078	TRUE	0.0994
LOC124798547	117	35	47	51	41	320	144	429	623	206	126	38	32	38	35	388	149	359	445	466	207.78	54	361	5.987	2.582	6.038	1.55683433336138e-09	4.20726535558599e-07	0.2581	0.1713	0.2393	0.2393	TRUE	2.0308
LOC124798572	52	41	61	140	163	13	30	28	39	6	56	45	42	105	139	16	31	23	28	14	49.86	77	22	0.38	-1.396	-4.059	4.92092260754973e-05	0.00293526383644926	0.1861	0.2342	0.1956	0.1956	TRUE	0.1545
LOC124798582	457	83	380	128	21	1115	643	4592	2131	200	491	91	261	96	18	1353	667	3845	1523	452	879.78	191	1568	5.312	2.409	4.085	4.40779102620344e-05	0.00271478924506912	0.8584	0.1561	0.66	0.66	TRUE	0.5208
LOC124798583	7	4	42	22	13	17	17	79	494	38	8	4	29	17	11	21	18	66	353	86	61.19	14	109	4.359	2.124	3.799	0.00014525284563476	0.00665549543908477	0.8633	0.2189	0.7023	0.7023	TRUE	1.2902
LOC124798601	17	21	27	32	23	47	48	92	90	148	18	23	19	24	20	57	50	77	64	335	68.64	21	117	4.382	2.132	4.555	5.22940349003213e-06	0.000480887229270872	0.3606	0.2116	0.3283	0.3283	TRUE	8.1767
LOC124798603	2	4	1	3	6	18	19	29	65	35	2	4	1	2	5	22	20	24	46	79	20.6	3	38	11.305	3.499	5.94	2.85493005867674e-09	7.26574161376514e-07	0.2851	0.3519	0.3025	0.3025	TRUE	0.2534
LOC124798649	20	15	37	36	30	1	0	0	2	0	22	16	25	27	26	1	0	0	1	0	11.86	23	0	0.036	-4.81	-5.951	2.66468260150948e-09	6.91877000180166e-07	0	0.4997	0.1325	0.1325	TRUE	0.3313
LOC124798671	0	2	2	6	0	4	20	11	8	6	0	2	1	5	0	5	21	9	6	14	6.22	2	11	2.328	1.219	3.191	0.00141749952758631	0.0346299458242786	0.3958	0.8158	0.5308	0.5308	TRUE	0.4471
LOC124798698	98	143	463	425	245	9	21	128	52	28	105	157	318	319	209	11	22	107	37	63	134.84	222	48	0.306	-1.707	-3.998	6.38539925502806e-05	0.00369237803209963	0.3974	0.182	0.3514	0.3514	TRUE	0.3282
LOC124798939	5	37	66	58	42	33	96	87	161	345	5	41	45	44	36	40	100	73	115	780	127.84	34	222	3.081	1.623	3.508	0.000450881831509271	0.0150392373119541	0.8665	0.1837	0.6906	0.6906	TRUE	6.4304
LOC124799019	7	7	17	32	14	0	0	0	0	0	8	8	12	24	12	0	0	0	0	0	6.28	13	0	0.025	-5.317	-5.438	5.38755523298421e-08	9.90861199933012e-06	0.2024	0.8089	0.4043	0.4043	TRUE	0.6888
LOC124799061	72	39	74	104	73	156	111	215	355	161	77	43	51	78	62	189	115	180	254	364	141.36	62	220	3.139	1.65	5.419	5.99679901383269e-08	1.03129366936588e-05	0.1102	0.1806	0.1251	0.1251	TRUE	0.1798
LOC124799220	1	6	10	0	8	6	21	53	10	18	1	7	7	0	7	7	22	44	7	41	14.26	4	24	2.042	1.03	3.075	0.00210170346079522	0.0455981817869935	0.7536	0.441	0.6601	0.6601	TRUE	0.0635
LOC124799255	9	1	1	7	7	8	11	49	29	21	10	1	1	5	6	10	11	41	21	47	15.31	5	26	3.074	1.62	3.586	0.000336422318735812	0.0123063655930929	0.4939	0.4213	0.4741	0.4741	TRUE	0.1001
LOC124799270	6	7	2	15	3	42	211	87	136	121	6	8	1	11	3	51	219	73	97	274	74.29	6	143	21.34	4.416	7.44	1.00505114170206e-13	5.7864727036603e-11	0.4462	0.207	0.3812	0.3812	TRUE	0.0707
LOC124800634	20	11	30	23	17	6	4	4	8	5	22	12	21	17	14	7	4	3	6	11	11.77	17	6	0.492	-1.023	-3.472	0.000516624603020087	0.0168509122873551	0	0.5022	0.1254	0.1254	TRUE	0.1643
LOC124800801	1	24	2	11	0	170	1416	6	69	8	1	26	1	8	0	206	1469	5	49	18	178.47	7	349	7.688	2.943	3.614	0.000302088556644448	0.0112921851810716	2.7914	0.1745	1.9339	2.7914	TRUE	3.1817
LOC124800984	32	36	66	108	61	174	170	161	240	64	34	39	45	81	52	211	176	135	172	145	109.08	50	168	3.058	1.612	6.274	3.51352264401679e-10	1.03391259671267e-07	0.0565	0.1893	0.0785	0.0785	TRUE	0.739
LOC124801935	7	53	39	31	28	1	1	0	0	0	8	58	27	23	24	1	1	0	0	0	14.18	28	0	0.025	-5.33	-5.587	2.30451682096489e-08	4.90228471669038e-06	0	0.4428	0.4028	0.4028	TRUE	0.2008
LOC124802550	1	1	2	3	12	12	6	34	47	108	1	1	1	2	10	15	6	28	34	244	34.31	3	65	12.734	3.671	4.428	9.50618817938366e-06	0.000795078738703823	1.2665	0.2718	0.9992	0.9992	TRUE	3.9105
LOC124802700	178	225	302	553	237	13	1	12	24	4	191	246	208	415	202	16	1	10	17	9	131.55	252	11	0.046	-4.441	-9.83	8.38863117946872e-23	1.85137090130875e-19	0.2131	0.1828	0.2028	0.2028	TRUE	1.0889
LOC124802707	42	70	59	61	77	23	27	15	26	8	45	77	41	46	66	28	28	13	19	18	37.9	55	21	0.46	-1.119	-4.129	3.65112067750523e-05	0.00235844585422069	0.0622	0.2604	0.0992	0.0992	TRUE	0.1693
LOC124802724	779	657	7	1272	508	9	12	10	7	0	838	720	5	954	433	11	12	8	5	0	298.65	590	7	0.017	-5.868	-7.052	1.76619198237021e-12	7.54448846146655e-10	1.2153	0.1652	0.8775	0.8775	TRUE	0.132
LOC124802776	441	107	702	567	58	58	60	27	49	23	474	117	482	425	49	70	62	23	35	52	179.1	309	48	0.199	-2.332	-4.613	3.97082185418625e-06	0.000402786095013511	0.4587	0.1745	0.3922	0.3922	TRUE	0.065
LOC124802811	163	137	138	157	168	206	690	178	303	587	175	150	95	118	143	250	716	149	217	1328	334.02	136	532	2.443	1.289	3.563	0.000365949393764886	0.0128875783467411	0.4183	0.1638	0.3598	0.3598	TRUE	0.3221
LOC124802814	78	84	101	98	42	211	415	878	972	1099	84	92	69	74	36	256	431	735	695	2485	495.67	71	920	11.544	3.529	6.739	1.59176608733333e-11	5.85504625790777e-09	0.4132	0.1597	0.3546	0.3546	TRUE	0.983
LOC124802817	33	16	40	46	36	9	6	16	15	3	35	18	27	35	31	11	6	13	11	7	19.38	29	10	0.416	-1.265	-4.169	3.05828241100167e-05	0.00203506410484845	0	0.3646	0.0967	0.0967	TRUE	0.2979
LOC124802832	2	0	6	2	1	2	0	36	57	8	2	0	4	2	1	2	0	30	41	18	10	2	18	2.273	1.184	3.06	0.00221431234648186	0.0471413570612746	1.465	0.5643	1.1796	1.1796	TRUE	0.0686
LOC124802884	161	184	280	181	229	231	273	480	568	584	173	202	192	136	195	280	283	402	406	1321	359.04	180	538	2.145	1.101	3.62	0.000294171173531078	0.0110665189769845	0.2411	0.1629	0.2251	0.2251	TRUE	4.401
LOC124802921	307	71	159	52	133	820	861	2435	3289	1998	330	78	109	39	113	995	893	2039	2351	4519	1146.64	134	2159	14.24	3.832	6.896	5.33783877547672e-12	2.07893120779008e-09	0.4818	0.155	0.403	0.403	TRUE	0.3997
LOC124802965	85	51	112	81	26	19	8	28	5	14	91	56	77	61	22	23	8	23	4	32	39.72	61	18	0.5	-1.001	-3.259	0.00111898469204927	0.0298640830871007	0.3562	0.2554	0.332	0.332	TRUE	0.2809
LOC124802970	571	296	164	757	798	155	103	159	255	81	614	324	113	568	680	188	107	133	182	183	309.3	460	159	0.484	-1.046	-3.556	0.000376733835164786	0.0131628217552826	0.2334	0.1648	0.2194	0.2194	TRUE	0.182
LOC124803027	211	79	43	64	175	384	329	1566	2009	1170	227	87	30	48	149	466	341	1311	1436	2646	674.09	108	1240	9.695	3.277	5.603	2.11074696028161e-08	4.58205102427035e-06	0.5513	0.1575	0.4701	0.4701	TRUE	0.1424
LOC124803056	0	2	1	2	0	29	37	21	73	23	0	2	1	2	0	35	38	18	52	52	19.97	1	39	36.297	5.182	7.088	1.36095723454224e-12	6.00726523326945e-10	0	0.3582	0.2031	0.2031	TRUE	0.172
LOC124803230	0	0	6	0	0	1	51	26	4	19	0	0	4	0	0	1	53	22	3	43	12.58	1	24	6.219	2.637	3.58	0.00034342021070782	0.0123912000822696	2.4753	0.4796	1.6006	1.6006	TRUE	0.4082
LOC124803281	0	5	2	5	1	57	30	10	35	1	0	5	1	4	1	69	31	8	25	2	14.74	2	27	6.692	2.742	3.982	6.83576914479957e-05	0.00380333004266538	0.9069	0.4317	0.7599	0.7599	TRUE	0.2039
LOC124803358	64	15	66	14	75	0	0	8	3	0	69	16	45	11	64	0	0	7	2	0	21.39	41	2	0.069	-3.867	-4.85	1.23352763672207e-06	0.000154097858164846	0.9173	0.3445	0.6755	0.6755	TRUE	0.3482
LOC124803439	2	2	3	3	4	0	4	261	305	39	2	2	2	2	3	0	4	219	218	88	54.1	2	106	28.142	4.815	5.019	5.18884096428392e-07	7.55061890648876e-05	1.6837	0.2278	1.23	1.23	TRUE	0.0249
LOC124803748	25	5	38	14	35	0	2	2	2	0	27	5	26	11	30	0	2	2	1	0	10.4	20	1	0.082	-3.612	-4.83	1.36648236045267e-06	0.000166008801991874	0	0.5486	0.3725	0.3725	TRUE	0.0641
LOC124804598	1	0	0	0	0	17	11	5	10	3	1	0	0	0	0	21	11	4	7	7	5.12	0	10	24.815	4.633	4.715	2.41681776408452e-06	0.000264491742413283	0.2915	0.9577	0.5046	0.5046	TRUE	0.3781
LOC124804656	27	20	36	54	15	119	169	59	86	56	29	22	25	41	13	144	175	49	61	127	68.62	26	111	3.594	1.845	4.815	1.47145663349017e-06	0.000175540799465558	0.2051	0.2116	0.2064	0.2064	TRUE	0.0552
LOC124804665	2	0	48	55	31	0	0	0	1	0	2	0	33	41	26	0	0	0	1	0	10.36	20	0	0.045	-4.475	-4.136	3.53051920933005e-05	0.002297238549431	2.5332	0.5503	1.5734	1.5734	TRUE	0.0374
LOC124804686	0	1	1	0	1	3	1	437	5	520	0	1	1	0	1	4	1	366	4	1176	155.28	1	310	125.779	6.975	4.927	8.34541334602489e-07	0.00011632627739796	3.3664	0.178	2.222	3.3664	TRUE	0.5379
LOC124804687	91	63	83	72	116	368	484	1123	1904	1455	98	69	57	54	99	446	502	940	1361	3291	691.75	75	1308	15.742	3.977	7.912	2.52563776269746e-15	2.09028095335248e-12	0.366	0.1574	0.3189	0.3189	TRUE	0.4555
LOC124804688	129	22	79	113	81	1083	746	1780	2305	3292	139	24	54	85	69	1314	774	1490	1648	7445	1304.22	74	2534	29.852	4.9	8.222	2.00447851734146e-16	2.4130276842396e-13	0.5534	0.1546	0.4548	0.4548	TRUE	2.8722
LOC124804691	0	0	0	1	2	78	99	140	90	204	0	0	0	1	2	95	103	117	64	461	84.27	1	168	200.535	7.648	8.04	8.99845379664873e-16	8.51125179823018e-13	0.62	0.2004	0.4622	0.4622	TRUE	2.8394
LOC124804802	113	57	119	88	86	418	236	564	542	285	122	62	82	66	73	507	245	472	387	645	266.13	81	451	5.26	2.395	8.164	3.24996706005638e-16	3.58633865077221e-13	0.0879	0.1669	0.1037	0.1037	TRUE	0.0992
LOC124804813	743	564	1161	1466	1442	402	289	417	616	97	799	618	798	1100	1230	488	300	349	440	219	634.06	909	359	0.445	-1.168	-4.747	2.06813205853727e-06	0.000232086480670767	0.08	0.1579	0.0929	0.0929	TRUE	0.1117
LOC124805138	263	18	464	493	64	36	14	35	24	12	283	20	319	370	55	44	15	29	17	27	117.77	209	26	0.169	-2.569	-4.467	7.93048388637558e-06	0.000685599249015296	0.621	0.1865	0.5147	0.5147	TRUE	0.0479
LOC124805148	67	66	80	54	123	88	94	257	229	275	72	72	55	41	105	107	98	215	164	622	154.98	69	241	2.22	1.15	3.485	0.000491734497990883	0.0161576878967625	0.3491	0.1781	0.3112	0.3112	TRUE	1.4858
LOC124805162	1165	769	2013	2434	1192	445	516	662	1056	174	1253	842	1383	1826	1016	540	535	554	755	394	909.91	1264	556	0.495	-1.014	-4.526	6.00708343805302e-06	0.000541127883582981	0.0699	0.1559	0.0807	0.0807	TRUE	0.1982
LOC124805172	0	0	0	0	0	21	19	60	87	18	0	0	0	0	0	25	20	50	62	41	19.83	0	40	156.96	7.294	7.717	1.18939198364408e-14	8.74996035967493e-12	0.2063	0.3597	0.2596	0.2596	TRUE	0.0508
LOC124805178	1008	821	1201	1691	981	1207	3651	2626	2938	820	1084	899	825	1269	837	1464	3788	2199	2100	1855	1631.94	983	2281	2.031	1.022	4.362	1.28604928034933e-05	0.00101368241490392	0.0816	0.1539	0.0925	0.0925	TRUE	0.7244
LOC124805187	25	0	29	23	0	90	9	388	355	70	27	0	20	17	0	109	9	325	254	158	91.96	13	171	5.129	2.359	3.644	0.000268094727667061	0.0104556477359074	1.8615	0.1963	1.2251	1.2251	TRUE	0.0731
LOC124805192	29	45	75	60	119	111	76	441	103	1017	31	49	52	45	101	135	79	369	74	2300	323.49	56	591	6.519	2.705	4.089	4.33383906866293e-05	0.00268171481061843	1.0594	0.1642	0.824	0.824	TRUE	3.7615
LOC124805195	489	119	116	128	18	2462	1525	1612	2297	1951	526	130	80	96	15	2987	1582	1350	1642	4412	1282.05	169	2395	11.604	3.537	5.479	4.2679237785513e-08	8.31115392287888e-06	0.7301	0.1546	0.5815	0.5815	TRUE	1.1366
LOC124805215	126	53	128	142	137	1090	854	2320	3372	3785	136	58	88	107	117	1322	886	1942	2411	8560	1562.65	101	3024	26.858	4.747	8.804	1.32077746163697e-18	1.74897351469968e-15	0.4334	0.154	0.368	0.368	TRUE	1.2838
LOC124805240	24	23	43	59	38	42	62	100	111	67	26	25	30	44	32	51	64	84	79	152	58.71	31	86	2.244	1.166	4.201	2.6519767610389e-05	0.00181017918915861	0.0932	0.2218	0.1166	0.1166	TRUE	0.545
LOC124805241	38	69	70	124	101	143	129	1180	990	271	41	76	48	93	86	173	134	988	708	613	295.97	69	523	6.543	2.71	5.533	3.15170174889441e-08	6.42074377828611e-06	0.3765	0.1654	0.3287	0.3287	TRUE	0.062
LOC124805250	7	7	6	19	11	24	21	41	25	28	8	8	4	14	9	29	22	34	18	63	20.94	9	33	2.799	1.485	4.003	6.24504271886182e-05	0.00364303329000741	0.1646	0.3487	0.2036	0.2036	TRUE	0.4081
LOC124805313	69	225	489	451	239	700	375	3087	1764	369	74	246	336	338	204	849	389	2585	1261	835	711.74	240	1184	3.877	1.955	4.466	7.9732883513333e-06	0.000685599249015296	0.3535	0.1572	0.3171	0.3171	TRUE	0.3971
LOC124805331	1	0	0	4	2	11	9	7	5	17	1	0	0	3	2	13	9	6	4	38	7.63	1	14	4.674	2.225	3.635	0.000278317790316875	0.0106516883796996	0.7119	0.6924	0.7061	0.7061	TRUE	0.6525
LOC124805339	92	12	71	58	36	178	70	214	87	692	99	13	49	44	31	216	73	179	62	1565	233.01	47	419	4.923	2.299	3.855	0.000115661574354589	0.00556942024583081	1.0136	0.1691	0.7925	0.7925	TRUE	5.2767
LOC124805407	7	5	22	19	12	50	43	10	66	24	8	5	15	14	10	61	45	8	47	54	26.77	10	43	2.759	1.464	3.815	0.000136280349067659	0.00637676460195741	0.2657	0.3057	0.2743	0.2743	TRUE	0.7131
LOC124805413	0	3	1	5	1	1	26	16	4	19	0	3	1	4	1	1	27	13	3	43	9.6	2	17	2.854	1.513	3.266	0.00109232818349051	0.0292805866513793	1.0875	0.5817	0.9467	0.9467	TRUE	0.1035
LOC124805478	4	1	6	6	3	74	25	125	77	150	4	1	4	5	3	90	26	105	55	339	63.12	3	123	30.493	4.93	7.392	1.44509146393514e-13	7.65436046617163e-11	0.535	0.2168	0.4539	0.4539	TRUE	0.6826
LOC124805532	122	83	48	305	347	35	28	30	77	22	131	91	33	229	296	42	29	25	55	50	98.13	156	40	0.378	-1.403	-3.753	0.000174771180850305	0.00774020059137039	0.3414	0.1935	0.3093	0.3093	TRUE	0.0835
LOC124805560	395	31	706	1132	28	45	7	8	11	8	425	34	485	849	24	55	7	7	8	18	191.16	363	19	0.071	-3.813	-4.86	1.17190055098731e-06	0.000149214491309366	1.1618	0.173	0.8962	0.8962	TRUE	0.1709
LOC124805664	0	0	0	0	1	0	0	30	26	9	0	0	0	0	1	0	0	25	19	20	6.49	0	13	5.063	2.34	3.42	0.000626464366422876	0.0194733360097928	4.385	0.7877	2.3287	2.3287	TRUE	0.1145
LOC124805680	765	308	752	718	456	214	92	289	248	45	823	337	517	539	389	260	95	242	177	102	348.05	521	175	0.406	-1.299	-4.289	1.79334586577946e-05	0.00132848956762438	0.1559	0.1633	0.156	0.156	TRUE	0.3151
