Id	SCANC_S_Iso_SRR17648045	SCANC_S_Iso_SRR17648047	SCANC_S_Iso_SRR17648051	SCANC_S_Iso_SRR17648053	SCANC_S_Iso_SRR17648055	SCANC_G_Crd_SRR17648043	SCANC_G_Crd_SRR17648049	SCANC_G_Crd_SRR17648057	SCANC_G_Crd_SRR17648059	SCANC_G_Crd_SRR17648061	norm.SCANC_S_Iso_SRR17648045	norm.SCANC_S_Iso_SRR17648047	norm.SCANC_S_Iso_SRR17648051	norm.SCANC_S_Iso_SRR17648053	norm.SCANC_S_Iso_SRR17648055	norm.SCANC_G_Crd_SRR17648043	norm.SCANC_G_Crd_SRR17648049	norm.SCANC_G_Crd_SRR17648057	norm.SCANC_G_Crd_SRR17648059	norm.SCANC_G_Crd_SRR17648061	baseMean	Isolated	Crowded	FoldChange	log2FoldChange	stat	pvalue	padj	dispGeneEst	dispFit	dispMAP	dispersion	betaConv	maxCooks
LOC126266738	0	0	0	0	0	0	8	3	19	2	0	0	0	0	0	0	7	3	27	2	3.89	0	8	2.124	1.087	3.132	0.00173639076030798	0.0226960396124849	3.6176	1.2851	2.4422	2.4422	TRUE	1.0303
LOC126266871	7	26	17	27	28	109	196	139	95	46	7	24	19	24	35	75	160	136	137	49	66.46	22	111	4.664	2.221	5.521	3.36944741326266e-08	5.6125953924091e-06	0.2161	0.1225	0.1912	0.1912	TRUE	0.1243
LOC126266940	61	21	47	113	29	198	752	334	124	185	59	20	53	100	36	136	615	326	178	196	171.8	54	290	4.775	2.256	5.108	3.26299187984373e-07	3.48196922553011e-05	0.3336	0.0782	0.2626	0.2626	TRUE	0.4443
LOC126266964	32	24	27	29	20	11	11	11	9	10	31	23	30	26	25	8	9	11	13	11	18.48	27	10	0.442	-1.177	-4.446	8.76348134999535e-06	0.000446643252834278	0	0.3101	0.0583	0.0583	TRUE	0.1098
LOC126266969	118	1100	505	184	80	110	164	64	54	43	114	1034	565	163	99	75	134	62	78	46	237	395	79	0.293	-1.773	-3.899	9.66595619257062e-05	0.00277946123820947	0.565	0.0705	0.418	0.418	TRUE	0.2611
LOC126267091	4	3	3	0	6	10	23	15	12	34	4	3	3	0	7	7	19	15	17	36	11.1	3	19	3.189	1.673	3.651	0.000261012611036154	0.00582477574884505	0.3225	0.4829	0.3686	0.3686	TRUE	0.2602
LOC126267101	112	126	23	121	113	36	39	27	20	30	108	118	26	107	139	25	32	26	29	32	64.23	100	29	0.337	-1.571	-4.71	2.47517492310381e-06	0.000170749567043813	0.1617	0.125	0.1532	0.1532	TRUE	0.6778
LOC126267197	228	802	264	237	122	115	177	116	70	84	219	754	296	210	151	79	145	113	101	89	215.61	326	105	0.422	-1.245	-4.02	5.81488427208722e-05	0.00188212095432321	0.2325	0.0725	0.1915	0.1915	TRUE	1.6749
LOC126267259	212	1157	537	211	227	39	109	58	17	61	204	1087	601	187	280	27	89	57	24	65	262.17	472	52	0.128	-2.968	-6.105	1.02531896961677e-09	2.7731557937238e-07	0.4147	0.0686	0.3134	0.3134	TRUE	0.2621
LOC126267330	45	130	39	32	35	13	49	10	4	8	43	122	44	28	43	9	40	10	6	8	35.37	56	15	0.487	-1.038	-3.292	0.000995790259310216	0.0152536875374826	0.4311	0.186	0.3683	0.3683	TRUE	3.4336
LOC126267332	161	303	146	121	81	52	79	53	72	37	155	285	163	107	100	36	65	52	103	39	110.52	162	59	0.464	-1.109	-3.994	6.5057952951833e-05	0.00204752668057393	0.1702	0.0937	0.1518	0.1518	TRUE	0.5275
LOC126267358	27	31	18	60	33	59	182	228	135	69	26	29	20	53	41	40	149	222	194	73	84.81	34	136	3.241	1.697	4.374	1.21837530999105e-05	0.000566047223100946	0.2739	0.1069	0.232	0.232	TRUE	0.0633
LOC126267420	7	4	15	2	3	137	54	136	93	175	7	4	17	2	4	94	44	133	134	185	62.25	7	118	15.06	3.913	7.767	8.01133566707448e-15	6.07926854869835e-12	0.3369	0.1274	0.2658	0.2658	TRUE	0.3875
LOC126267451	45	227	23	63	14	44	11	12	2	2	43	213	26	56	17	30	9	12	3	2	41.15	71	11	0.351	-1.509	-3.42	0.000626948936368893	0.0110228724827773	0.8674	0.167	0.6676	0.6676	TRUE	1.6682
LOC126267499	2	0	2	5	2	70	0	53	59	40	2	0	2	4	2	48	0	52	85	42	23.79	2	45	10.683	3.417	4.452	8.50536475088537e-06	0.000438395385405069	1.3069	0.2522	0.9052	0.9052	TRUE	0.1008
LOC126267550	403	64	172	2064	147	7403	255	6858	5724	6675	388	60	193	1833	181	5069	209	6692	8225	7072	2992.01	531	5453	3.535	1.822	3.465	0.000530241989160201	0.00971134224792983	1.1285	0.0519	0.8064	1.1285	TRUE	2.2975
LOC126267553	378	3193	360	239	125	65	62	10	33	20	364	3001	403	212	154	45	51	10	47	21	430.79	827	35	0.068	-3.872	-5.301	1.15133870728863e-07	1.45680415791354e-05	0.8793	0.0614	0.6163	0.8793	TRUE	6.7186
LOC126267627	185	163	112	172	112	66	66	58	20	72	178	153	125	153	138	45	54	57	29	76	100.84	149	52	0.376	-1.413	-6.576	4.82314688520373e-11	1.66230461602372e-08	0.0356	0.0979	0.0508	0.0508	TRUE	0.517
LOC126267655	576	781	13	545	363	7	11	3	17	7	554	734	15	484	448	5	9	3	24	7	228.34	447	10	0.037	-4.755	-6.476	9.40043940123921e-11	2.98606050654713e-08	0.8295	0.0713	0.5776	0.8295	TRUE	0.3975
LOC126267838	12	0	5	11	3	0	0	0	0	0	12	0	6	10	4	0	0	0	0	0	3.06	6	0	0.322	-1.633	-3.372	0.00074616905738131	0.0125237971166859	1.7461	1.619	1.6786	1.6786	TRUE	0.0556
LOC126267904	59	105	90	88	88	55	60	34	24	29	57	99	101	78	109	38	49	33	34	31	62.81	89	37	0.474	-1.076	-5.055	4.29736979810119e-07	4.31601279943119e-05	0.0366	0.1267	0.0539	0.0539	TRUE	0.2571
LOC126268023	38	3	28	114	56	260	164	168	235	166	37	3	31	101	69	178	134	164	338	176	123.07	48	198	2.377	1.249	3.477	0.000507016631090903	0.00942223151574237	0.543	0.0893	0.3986	0.3986	TRUE	1.6395
LOC126268096	9	8	11	14	5	41	47	27	27	34	9	8	12	12	6	28	38	26	39	36	21.48	9	33	3.175	1.667	5.416	6.10846574681775e-08	8.69120142039413e-06	0	0.2739	0.0662	0.0662	TRUE	0.1135
LOC126268219	27	14	15	53	18	138	33	88	86	49	26	13	17	47	22	94	27	86	124	52	50.8	25	77	2.012	1.009	3.512	0.000445554314449178	0.00860795810616877	0.248	0.1448	0.223	0.223	TRUE	0.1626
LOC126268224	5	45	44	21	32	451	566	364	284	287	5	42	49	19	40	309	463	355	408	304	199.36	31	368	10.798	3.433	8.568	1.04848430215685e-17	1.02294622022575e-14	0.2527	0.0743	0.1917	0.1917	TRUE	0.7643
LOC126269449	4	2	2	21	2	152	15	85	51	173	4	2	2	19	2	104	12	83	73	183	48.49	6	91	11.114	3.474	5.364	8.12758502974621e-08	1.05728270401241e-05	0.7405	0.1493	0.557	0.557	TRUE	0.4399
LOC126271849	21993	18837	23015	29811	18125	9371	12905	5085	9985	9027	21161	17705	25765	26472	22375	6416	10557	4962	14347	9564	15932.26	22696	9169	0.461	-1.117	-4.89	1.00689489071682e-06	8.38608372701286e-05	0.0928	0.0506	0.0858	0.0858	TRUE	0.8514
LOC126271867	64	91	33	63	50	623	1107	298	531	720	62	86	37	56	62	427	906	291	763	763	345.04	61	630	9.793	3.292	10.238	1.33374248959513e-24	2.60251266648283e-21	0.1404	0.0642	0.1217	0.1217	TRUE	0.0681
LOC126271910	27	14	26	10	18	138	57	45	56	27	26	13	29	9	22	94	47	44	80	29	39.34	20	59	2.112	1.079	3.693	0.000221661907297008	0.00516668940575057	0.1881	0.1723	0.1844	0.1844	TRUE	0.0996
LOC126271968	215	348	269	181	211	130	197	83	55	48	207	327	301	161	260	89	161	81	79	51	171.73	251	92	0.433	-1.206	-4.636	3.55260335762614e-06	0.00023217707780773	0.1176	0.0782	0.1085	0.1085	TRUE	0.4342
LOC126272251	285	802	315	112	167	139	240	67	35	59	274	754	353	99	206	95	196	65	50	63	215.59	337	94	0.427	-1.228	-3.627	0.000287200106187469	0.00627658600066341	0.3934	0.0725	0.3025	0.3025	TRUE	0.4222
LOC126272278	4	1	4	5	2	19	35	22	8	6	4	1	4	4	2	13	29	21	11	6	9.71	3	16	3.249	1.7	3.784	0.000154433975365072	0.00389190713932014	0.1865	0.5447	0.2694	0.2694	TRUE	0.1132
LOC126272290	137	34	113	69	79	416	193	351	411	464	132	32	127	61	98	285	158	342	591	492	231.64	90	374	3.643	1.865	4.928	8.30681691320992e-07	7.18119064667939e-05	0.2505	0.071	0.202	0.202	TRUE	0.0822
LOC126272301	1	2	4	0	4	3	134	0	57	312	1	2	4	0	5	2	110	0	82	331	53.64	2	105	4.01	2.004	3.542	0.000396480179794485	0.00796400408207775	2.6124	0.1398	1.6395	2.6124	TRUE	0.3343
LOC126272350	614	446	612	1237	384	8346	573	8478	2616	8295	591	419	685	1098	474	5714	469	8272	3759	8788	3026.99	653	5400	7.103	2.828	5.621	1.89308161881426e-08	3.64191575089914e-06	0.4859	0.0518	0.3519	0.3519	TRUE	0.1043
LOC126272370	1238	1084	810	544	739	2337	3680	2339	1080	2042	1191	1019	907	483	912	1600	3010	2282	1552	2163	1512.01	902	2121	2.057	1.041	4.739	2.14935834576401e-06	0.000152906696066618	0.0882	0.0534	0.0806	0.0806	TRUE	0.2714
LOC126272376	0	3	0	0	0	136	15	8	1	17	0	3	0	0	0	93	12	8	1	18	13.55	1	26	9.685	3.276	4.058	4.94850906779183e-05	0.0016689305026412	2.0276	0.4048	1.3289	1.3289	TRUE	1.762
LOC126272397	4	6	5	18	4	67	8	27	19	38	4	6	6	16	5	46	7	26	27	40	18.23	7	29	2.282	1.19	3.426	0.000612487356466003	0.0108883273667376	0.3283	0.3136	0.3248	0.3248	TRUE	0.3591
LOC126272427	1	9	5	1	1	12	26	17	15	32	1	8	6	1	1	8	21	17	22	34	11.87	3	20	3.612	1.853	3.781	0.000156264181420476	0.00392355230518803	0.3394	0.455	0.3745	0.3745	TRUE	0.4185
LOC126272465	45	11	70	10	51	227	716	502	287	162	43	10	78	9	63	155	586	490	412	172	201.88	41	363	7.511	2.909	5.494	3.93166830633653e-08	6.39317349955366e-06	0.5232	0.074	0.3835	0.3835	TRUE	0.0933
LOC126272485	49	39	24	79	43	0	3	5	0	3	47	37	27	70	53	0	2	5	0	3	24.44	47	2	0.057	-4.133	-7.526	5.2479726094314e-14	3.58410289361118e-11	0.1472	0.2467	0.1882	0.1882	TRUE	0.2898
LOC126272552	81	186	423	64	163	3	64	9	6	12	78	175	474	57	201	2	52	9	9	13	106.89	197	17	0.117	-3.096	-4.885	1.03679883666213e-06	8.53110560841448e-05	0.8253	0.0952	0.5967	0.5967	TRUE	0.7276
LOC126272571	22	50	9	14	9	93	47	94	46	97	21	47	10	12	11	64	38	92	66	103	46.45	20	73	2.621	1.39	3.971	7.16385326823683e-05	0.00220385296826232	0.244	0.1536	0.2208	0.2208	TRUE	0.691
LOC126272572	2712	43	1261	290	87	18743	11457	18554	14246	10314	2609	40	1412	258	107	12833	9372	18104	20470	10927	7613.22	885	14341	8.764	3.132	4.279	1.8749535456341e-05	0.000776060317570189	1.0583	0.0509	0.7219	1.0583	TRUE	1.1672
LOC126272573	869	2985	899	237	459	251	593	49	44	57	836	2806	1006	210	567	172	485	48	63	60	625.35	1085	166	0.389	-1.362	-3.289	0.00100644750090653	0.0153256035840383	0.8121	0.0579	0.5701	0.8121	TRUE	0.8124
LOC126272642	87	89	84	153	44	339	299	268	215	140	84	84	94	136	54	232	245	261	309	148	164.7	90	239	2.346	1.23	5.277	1.3122277843131e-07	1.60033208088684e-05	0.0736	0.0794	0.0766	0.0766	TRUE	0.3846
LOC126272684	1771	354	955	338	960	353	427	223	97	446	1704	333	1069	300	1185	242	349	218	139	473	601.15	918	284	0.47	-1.088	-3.557	0.000375267969703692	0.00765159623544431	0.3555	0.0582	0.2694	0.2694	TRUE	0.0953
LOC126272787	1983	552	955	4636	1333	7513	1781	9094	6249	6703	1908	519	1069	4117	1646	5144	1457	8873	8979	7101	4081.29	1852	6311	2.036	1.026	3.381	0.000721441668803653	0.0121806820200113	0.4505	0.0514	0.3284	0.3284	TRUE	0.5859
LOC126272813	12	16	5	12	18	3	4	2	2	2	12	15	6	11	22	2	3	2	3	2	7.73	13	2	0.273	-1.874	-3.949	7.85346341529285e-05	0.00237512123258944	0	0.6713	0.2112	0.2112	TRUE	0.1346
LOC126272820	6	6	1	14	1	61	15	18	20	34	6	6	1	12	1	42	12	18	29	36	16.26	5	27	3.375	1.755	3.855	0.000115857661601721	0.00315057994280094	0.3212	0.3457	0.3285	0.3285	TRUE	0.2894
LOC126272823	3	15	33	22	5	104	17	706	74	61	3	14	37	20	6	71	14	689	106	65	102.46	16	189	4.202	2.071	3.579	0.000344666571180002	0.00718748197824068	1.1594	0.0971	0.8322	1.1594	TRUE	3.4927
LOC126272831	27	15	35	39	15	132	96	42	107	43	26	14	39	35	19	90	79	41	154	46	54.16	27	82	2.253	1.172	3.839	0.000123458839359389	0.00329988436127845	0.2018	0.1389	0.1887	0.1887	TRUE	0.2852
LOC126272860	6300	8571	6923	8938	6348	2541	3970	1280	3273	2178	6062	8056	7750	7937	7837	1740	3248	1249	4703	2307	5088.76	7528	2649	0.407	-1.297	-4.865	1.14279601135451e-06	9.00851088004423e-05	0.1389	0.0512	0.115	0.115	TRUE	1.5316
LOC126272884	640	386	486	446	483	243	195	148	92	156	616	363	544	396	596	166	160	144	132	165	328.27	503	153	0.314	-1.67	-9.166	4.89420755576741e-20	6.07727100038428e-17	0.032	0.0649	0.0374	0.0374	TRUE	0.068
LOC126272891	340	411	431	533	185	2067	636	632	1342	862	327	386	482	473	228	1415	520	617	1928	913	729.13	379	1079	2.275	1.186	4.192	2.76427022633411e-05	0.00106095251544041	0.1859	0.0568	0.1532	0.1532	TRUE	0.1553
LOC126272892	19	30	29	45	18	1034	178	591	662	512	18	28	32	40	22	708	146	577	951	542	306.5	28	585	18.288	4.193	10.438	1.67148237878012e-25	4.56615556235154e-22	0.2384	0.0659	0.1915	0.1915	TRUE	0.1021
LOC126272901	21	31	23	10	17	183	85	99	62	52	20	29	26	9	21	125	70	97	89	55	54.06	21	87	3.908	1.966	6.055	1.40730193418392e-09	3.55969205907745e-07	0.0998	0.1391	0.1093	0.1093	TRUE	0.1872
LOC126272958	202	37	194	78	61	1269	779	470	494	641	194	35	217	69	75	869	637	459	710	679	394.45	118	671	5.202	2.379	5.88	4.11415974390398e-09	8.91989014952134e-07	0.2731	0.0624	0.2131	0.2131	TRUE	0.6565
LOC126273010	368	900	514	141	280	246	237	128	120	131	354	846	575	125	346	168	194	125	172	139	304.47	449	160	0.485	-1.045	-3.753	0.000174510996358175	0.00426007518311141	0.2278	0.066	0.1856	0.1856	TRUE	0.1538
LOC126273017	30	240	45	4	28	1	6	0	2	0	29	226	50	4	35	1	5	0	3	0	35.14	69	2	0.053	-4.248	-5.129	2.91956073518351e-07	3.21599032918319e-05	1.5218	0.1869	1.0102	1.0102	TRUE	1.1737
LOC126273020	59	120	74	53	80	254	208	289	91	252	57	113	83	47	99	174	170	282	131	267	142.2	80	205	2.18	1.124	4.511	6.44246376555255e-06	0.000357196967396033	0.1062	0.084	0.1013	0.1013	TRUE	0.0856
LOC126273129	10	6	15	23	11	126	57	235	38	38	10	6	17	20	14	86	47	229	55	40	52.31	13	91	5.944	2.571	5.157	2.51246204260376e-07	2.83617512726651e-05	0.3651	0.1421	0.3081	0.3081	TRUE	1.2287
LOC126273165	18	28	15	15	19	8	7	6	1	3	17	26	17	13	23	5	6	6	1	3	11.89	19	4	0.283	-1.822	-4.524	6.06322457445106e-06	0.000342221423398459	0	0.4542	0.1245	0.1245	TRUE	0.1018
LOC126273222	701	2731	1471	752	717	499	477	182	132	552	674	2567	1647	668	885	342	390	178	190	585	812.49	1288	337	0.318	-1.653	-4.448	8.66937666816256e-06	0.00044350193224881	0.2921	0.0562	0.2254	0.2254	TRUE	0.2523
LOC126273341	15	22	18	19	22	4	7	3	6	6	14	21	20	17	27	3	6	3	9	6	12.57	20	5	0.311	-1.683	-4.401	1.07534621984316e-05	0.000516858512360462	0	0.4324	0.121	0.121	TRUE	0.244
LOC126273347	3	7	3	4	5	0	0	1	1	0	3	7	3	4	6	0	0	1	1	0	2.5	5	0	0.462	-1.114	-3.044	0.00233687727279314	0.0278582589001078	0	1.9743	0.5062	0.5062	TRUE	0.2684
LOC126273451	396	360	368	511	347	265	211	207	156	148	381	338	412	454	428	181	173	202	224	157	295.04	403	187	0.483	-1.051	-8.001	1.23101220993744e-15	9.89082104443267e-13	0.0111	0.0665	0.0192	0.0192	TRUE	0.115
LOC126274528	223	775	322	349	976	70	332	46	105	41	215	728	360	310	1205	48	272	45	151	43	337.69	564	112	0.28	-1.834	-3.978	6.94715855386118e-05	0.0021566190610725	0.5589	0.0645	0.4083	0.4083	TRUE	0.3762
LOC126276560	7	2	0	27	17	0	0	0	0	1	7	2	0	24	21	0	0	0	0	1	5.46	11	0	0.226	-2.146	-3.59	0.000330399324424011	0.0069643894634376	2.1444	0.9292	1.6092	1.6092	TRUE	0.1449
LOC126277974	0	1	0	5	0	53	2	57	28	102	0	1	0	4	0	36	2	56	40	108	24.72	1	48	18.592	4.217	4.997	5.8136803510973e-07	5.51451804969709e-05	1.4822	0.2445	0.9462	0.9462	TRUE	0.5201
LOC126278159	77	23	95	99	74	8	43	16	15	8	74	22	106	88	91	5	35	16	22	8	46.76	76	17	0.302	-1.727	-4.078	4.53740658668545e-05	0.00156902371057054	0.3493	0.153	0.2976	0.2976	TRUE	0.8633
LOC126278310	452	71	226	1113	170	4144	487	2782	2213	2128	435	67	253	988	210	2837	398	2715	3180	2254	1333.73	391	2277	3.016	1.593	3.53	0.000415910353333036	0.00820942126615019	0.6219	0.0539	0.442	0.6219	TRUE	2.0423
LOC126278457	164	289	508	163	284	58	197	40	44	54	158	272	569	145	351	40	161	39	63	57	185.38	299	72	0.3	-1.736	-4.345	1.39511692961575e-05	0.000637321141860254	0.3275	0.0762	0.2584	0.2584	TRUE	0.4136
LOC126278514	45	52	27	41	20	19	10	14	8	11	43	49	30	36	25	13	8	14	11	12	24.15	37	12	0.355	-1.492	-5.13	2.903089913556e-07	3.21599032918319e-05	0	0.2491	0.0723	0.0723	TRUE	0.0745
LOC126278568	170	317	135	162	189	115	101	92	42	89	164	298	151	144	233	79	83	90	60	94	139.56	198	81	0.461	-1.117	-5.184	2.17675817482996e-07	2.51968982288156e-05	0.06	0.0847	0.0648	0.0648	TRUE	0.2537
LOC126278591	0	0	0	1	0	14	10	13	3	0	0	0	0	1	0	10	8	13	4	0	3.56	0	7	3.306	1.725	3.384	0.00071502207292392	0.0121473712612784	1.0278	1.3974	1.1931	1.1931	TRUE	0.148
LOC126278873	4	5	3	1	1	27	8	61	45	5	4	5	3	1	1	18	7	60	65	5	16.85	3	31	6.723	2.749	4.183	2.87405716601994e-05	0.00109350269723304	0.7112	0.3352	0.6165	0.6165	TRUE	0.0431
LOC126278988	0	0	2	4	0	30	3	3	11	53	0	0	2	4	0	21	2	3	16	56	10.37	1	20	4.121	2.043	3.522	0.000427680225259585	0.00836917506707832	1.474	0.5135	1.1274	1.1274	TRUE	0.3576
LOC126279939	611	389	394	1226	446	4151	766	3022	2357	3151	588	366	441	1089	551	2842	627	2949	3387	3338	1617.62	607	2629	3.852	1.946	5.101	3.3862634223102e-07	3.58550171204148e-05	0.2645	0.0532	0.2054	0.2054	TRUE	1.6703
LOC126280605	0	1	2	2	0	5	6	21	6	51	0	1	2	2	0	3	5	20	9	54	9.64	1	18	7.117	2.831	3.941	8.12179567215466e-05	0.00243814521068045	0.9246	0.5483	0.8177	0.8177	TRUE	0.4963
LOC126280740	208	53	214	295	145	1164	205	758	592	724	200	50	240	262	179	797	168	740	851	767	425.24	186	665	2.686	1.425	4.026	5.68487276132329e-05	0.00184880183445035	0.3199	0.0615	0.2463	0.2463	TRUE	2.121
LOC126281230	114	140	97	183	83	535	185	393	220	360	110	132	109	163	102	366	151	383	316	381	221.34	123	319	2.3	1.201	5.176	2.26733731660186e-07	2.60248406785419e-05	0.081	0.0719	0.0791	0.0791	TRUE	1.0278
LOC126281350	8	7	5	31	4	61	26	39	39	62	8	7	6	28	5	42	21	38	56	66	27.52	11	45	2.968	1.57	3.916	8.99858855197784e-05	0.00263759058007436	0.2901	0.2248	0.2731	0.2731	TRUE	0.7895
LOC126281357	1	46	13	63	126	8	0	1	14	4	1	43	15	56	156	5	0	1	20	4	30.1	54	6	0.497	-1.007	-2.98	0.00288439984647713	0.0321932520472847	1.8002	0.2098	1.2682	1.2682	TRUE	0.463
LOC126281438	65	198	57	69	34	51	7	8	9	4	63	186	64	61	42	35	6	8	13	4	48.13	83	13	0.204	-2.296	-4.426	9.60841250336522e-06	0.000475511979650237	0.4746	0.15	0.3851	0.3851	TRUE	3.0574
LOC126281456	113	1089	232	132	422	165	123	112	82	45	109	1024	260	117	521	113	101	109	118	48	251.85	406	98	0.362	-1.465	-3.749	0.000177790276762938	0.00430574005373221	0.4807	0.0693	0.3548	0.3548	TRUE	0.3125
LOC126281482	135	37	92	203	79	1948	898	150	138	802	130	35	103	180	98	1334	735	146	198	850	380.81	109	653	4.92	2.299	4.618	3.86943995904086e-06	0.00025048663696938	0.5019	0.0629	0.3696	0.3696	TRUE	0.0943
LOC126281516	20	82	21	7	4	5	1	1	1	1	19	77	24	6	5	3	1	1	1	1	13.87	26	1	0.104	-3.268	-4.477	7.56966030744011e-06	0.000402311245678305	0.7401	0.3965	0.6551	0.6551	TRUE	0.6718
LOC126281576	23	42	36	38	56	127	100	118	84	88	22	39	40	34	69	87	82	115	121	93	70.26	41	100	2.09	1.063	4.529	5.9124009017528e-06	0.000335093294261583	0.0679	0.1186	0.0798	0.0798	TRUE	0.7021
LOC126281584	96	75	1	254	29	0	3	2	8	9	92	70	1	226	36	0	2	2	11	10	45.08	85	5	0.12	-3.057	-4.146	3.38693498988985e-05	0.00125032824397042	1.5826	0.1568	1.0756	1.0756	TRUE	0.2403
LOC126281613	7	1	0	4	2	37	8	23	17	12	7	1	0	4	2	25	7	22	24	13	10.52	3	18	4.224	2.079	3.921	8.8024071142096e-05	0.00259680515708399	0.2846	0.507	0.3631	0.3631	TRUE	0.3978
LOC126281638	68	27	84	107	48	0	2	17	6	6	65	25	94	95	59	0	2	17	9	6	37.23	68	7	0.125	-2.996	-4.886	1.02703746370955e-06	8.502002858672e-05	0.6924	0.1792	0.4952	0.4952	TRUE	0.6136
LOC126281648	6	11	7	25	5	113	27	86	58	301	6	10	8	22	6	77	22	84	83	319	63.79	10	117	8.865	3.148	5.473	4.43275299439109e-08	7.12317331181035e-06	0.5468	0.1255	0.4303	0.4303	TRUE	0.867
LOC126281696	29	76	29	32	29	17	18	9	11	16	28	71	32	28	36	12	15	9	16	17	26.39	39	14	0.44	-1.185	-4.063	4.849235314114e-05	0.00163949765236345	0.0977	0.2322	0.1244	0.1244	TRUE	1.6765
LOC126281827	38	59	26	49	44	517	72	158	232	166	37	55	29	44	54	354	59	154	333	176	129.52	44	215	4.437	2.15	5.369	7.91314824895541e-08	1.03928549935079e-05	0.246	0.0873	0.2057	0.2057	TRUE	0.0648
LOC126281847	8	2	5	9	4	80	119	6	10	8	8	2	6	8	5	55	97	6	14	8	20.89	6	36	3.013	1.591	3.467	0.000525391171132403	0.00968410434419181	0.7285	0.2801	0.6192	0.6192	TRUE	0.2051
LOC126281856	136	138	171	197	102	103	116	39	51	45	131	130	191	175	126	71	95	38	73	48	107.73	151	65	0.498	-1.006	-4.574	4.77768174928973e-06	0.00029133194202477	0.0665	0.0948	0.0732	0.0732	TRUE	0.4136
LOC126281861	5	0	1	5	0	29	9	36	14	40	5	0	1	4	0	20	7	35	20	42	13.52	2	25	7.995	2.999	4.558	5.16985523368548e-06	0.000305692868558052	0.5005	0.4054	0.4642	0.4642	TRUE	0.1356
LOC126281979	0	0	0	1	1	27	10	10	8	13	0	0	0	1	1	18	8	10	11	14	6.38	0	12	14.319	3.84	4.727	2.27501330872399e-06	0.000158542891754393	0	0.8028	0.2469	0.2469	TRUE	0.2026
LOC126282005	43	58	25	21	26	389	158	184	215	107	41	55	28	19	32	266	129	180	309	113	117.2	35	199	5.371	2.425	6.929	4.24248454681941e-12	1.99821022155194e-09	0.1566	0.0912	0.1406	0.1406	TRUE	0.0691
LOC126282067	17	12	13	14	23	3	7	1	2	0	16	11	15	12	28	2	6	1	3	0	9.46	16	2	0.192	-2.377	-4.327	1.51453128054853e-05	0.000671706613322067	0.1282	0.5577	0.2671	0.2671	TRUE	0.9205
LOC126282076	34	27	9	49	33	420	186	130	262	124	33	25	10	44	41	288	152	127	376	131	122.68	31	215	6.462	2.692	6.715	1.88265956668437e-11	7.56330794745348e-09	0.2306	0.0894	0.1918	0.1918	TRUE	0.1254
LOC126282083	1	0	0	0	1	0	1	87	22	48	1	0	0	0	1	0	1	85	32	51	17.04	0	34	10.895	3.446	4.129	3.644631716953e-05	0.00132399001653886	2.9491	0.3321	1.8067	1.8067	TRUE	0.0847
LOC126282194	86	23	31	75	14	281	213	118	79	102	83	22	35	67	17	192	174	115	114	108	92.63	45	141	2.387	1.255	3.994	6.49608072388967e-05	0.00204752668057393	0.2229	0.1021	0.1909	0.1909	TRUE	0.5473
LOC126282210	90	56	87	171	73	535	180	424	334	469	87	53	97	152	90	366	147	414	480	497	238.26	96	381	3.662	1.873	5.704	1.16940834048334e-08	2.31356043719303e-06	0.162	0.0704	0.1395	0.1395	TRUE	0.4428
LOC126282243	235	379	417	422	367	2182	1827	675	1686	1286	226	356	467	375	453	1494	1495	659	2423	1362	930.91	375	1487	3.737	1.902	6.362	1.99104623352259e-10	6.0434890008189e-08	0.1344	0.0554	0.1153	0.1153	TRUE	0.1358
LOC126282251	1	4	3	11	3	51	8	15	25	28	1	4	3	10	4	35	7	15	36	30	14.32	4	25	3.581	1.84	3.834	0.000126276899991966	0.00334266700967106	0.354	0.3855	0.3621	0.3621	TRUE	0.2481
LOC126282269	36	52	25	34	33	20	13	5	7	8	35	49	28	30	41	14	11	5	10	8	23.02	37	10	0.293	-1.771	-5.455	4.90132933349086e-08	7.52216374900581e-06	0.0283	0.2589	0.0836	0.0836	TRUE	0.2226
LOC126282270	676	3692	516	194	367	303	356	23	17	19	650	3470	578	172	453	207	291	22	24	20	588.91	1065	113	0.383	-1.383	-3.222	0.00127429690000723	0.0181308555804154	1.2043	0.0584	0.8258	1.2043	TRUE	2.6274
LOC126282322	0	0	0	0	1	18	4	1	25	41	0	0	0	0	1	12	3	1	36	43	9.72	0	19	16.943	4.083	4.5	6.79087472521415e-06	0.0003710262314868	1.5614	0.5445	1.1726	1.1726	TRUE	0.1888
LOC126282424	44	65	37	50	44	27	31	20	6	17	42	61	41	44	54	18	25	20	9	18	33.36	48	18	0.435	-1.201	-4.925	8.45508704047042e-07	7.26339835759657e-05	0.0159	0.1942	0.0602	0.0602	TRUE	0.2884
LOC126283162	4	13	5	7	0	52	23	20	14	34	4	12	6	6	0	36	19	20	20	36	15.8	6	26	3.41	1.77	4.085	4.41251313498935e-05	0.00153654624911414	0.1759	0.3543	0.2376	0.2376	TRUE	0.3877
LOC126283252	7	71	11	52	7	435	18	281	168	342	7	67	12	46	9	298	15	274	241	362	133.11	28	238	5.841	2.546	4.237	2.26728606408829e-05	0.000895053767323179	0.8509	0.0863	0.6129	0.6129	TRUE	0.7857
LOC126283772	5	190	1	244	171	8	0	1	2	9	5	179	1	217	211	5	0	1	3	10	63.11	123	4	0.162	-2.629	-3.771	0.000162916110814332	0.0040321235323873	1.9958	0.1263	1.318	1.9958	TRUE	0.0741
LOC126284207	4	8	4	10	13	63	9	262	5	12	4	8	4	9	16	43	7	256	7	13	36.68	8	65	2.808	1.49	3.317	0.000911275719834868	0.0144565796251155	1.1884	0.1812	0.9163	0.9163	TRUE	3.4339
LOC126284242	2933	8637	6167	3417	4027	1746	2809	1666	1011	1513	2822	8118	6904	3034	4971	1195	2298	1626	1453	1603	3402.37	5170	1635	0.353	-1.503	-5.373	7.72607171060213e-08	1.02456712131179e-05	0.1327	0.0517	0.1143	0.1143	TRUE	0.0784
LOC126284250	407	98	170	3563	445	13758	689	9795	5402	9087	392	92	190	3164	549	9420	564	9557	7762	9627	4131.72	877	7386	2.429	1.281	3.172	0.00151162613564015	0.0205324155426977	1.1266	0.0514	0.7749	1.1266	TRUE	12.8613
LOC126284254	3	3213	2081	915	2669	223	11	81	39	4	3	3020	2330	813	3295	153	9	79	56	4	976.08	1892	60	0.111	-3.177	-4.04	5.3463112533874e-05	0.00177245789830142	1.8114	0.0552	1.2051	1.8114	TRUE	0.1409
LOC126284304	89	140	120	61	56	48	71	28	19	16	86	132	134	54	69	33	58	27	27	17	63.74	95	32	0.439	-1.188	-4.102	4.1020830942773e-05	0.00145533384375932	0.1545	0.1256	0.1478	0.1478	TRUE	0.1786
LOC126284316	4	6	9	53	5	105	9	60	110	234	4	6	10	47	6	72	7	59	158	248	61.66	15	109	3.526	1.818	3.572	0.000353656708903059	0.00725314862898931	1.0036	0.1281	0.7466	0.7466	TRUE	0.3563
LOC126284328	517	976	1122	732	1058	351	491	351	290	436	497	917	1256	650	1306	240	402	342	417	462	649	925	373	0.471	-1.086	-4.554	5.25508143999829e-06	0.000309392919779899	0.1098	0.0576	0.0979	0.0979	TRUE	0.0717
LOC126284332	26	17	23	6	27	4	5	0	0	0	25	16	26	5	33	3	4	0	0	0	11.22	21	1	0.115	-3.123	-4.498	6.84517987059344e-06	0.000372503234471856	0.5259	0.4782	0.5063	0.5063	TRUE	0.3741
LOC126284340	24	40	26	31	31	9	14	5	8	7	23	38	29	28	38	6	11	5	11	7	19.7	31	8	0.291	-1.782	-5.301	1.15187677761668e-07	1.45680415791354e-05	0	0.294	0.0842	0.0842	TRUE	0.1426
LOC126284382	4	4	0	3	1	12	6	2	42	17	4	4	0	3	1	8	5	2	60	18	10.49	2	19	2.197	1.136	3.085	0.00203695599938239	0.0253857499959526	0.9979	0.5079	0.8693	0.8693	TRUE	0.8883
LOC126284428	2307	1110	2222	1996	1700	623	1322	726	306	703	2220	1043	2487	1772	2099	427	1081	708	440	745	1302.24	1924	680	0.405	-1.303	-4.983	6.25397902282215e-07	5.81451105396874e-05	0.1183	0.0539	0.1078	0.1078	TRUE	0.4766
LOC126284432	7	53	7	75	10	479	20	426	250	540	7	50	8	67	12	328	16	416	359	572	183.46	29	338	6.299	2.655	4.002	6.29380122442794e-05	0.00199923327731305	0.9295	0.0764	0.6569	0.9295	TRUE	0.3149
LOC126284499	217	330	706	174	383	241	195	115	63	57	209	310	790	155	473	165	160	112	91	60	252.43	387	118	0.407	-1.297	-3.963	7.40899336696557e-05	0.00226697875846426	0.2839	0.0693	0.2197	0.2197	TRUE	0.2638
LOC126284510	167	266	153	108	170	121	136	59	40	45	161	250	171	96	210	83	111	58	57	48	124.46	178	71	0.49	-1.029	-4.215	2.49625326777197e-05	0.000979779407600499	0.1101	0.0888	0.1054	0.1054	TRUE	0.1977
LOC126284563	3	0	0	0	0	8	23	12	7	7	3	0	0	0	0	5	19	12	10	7	5.64	1	11	6.762	2.757	3.898	9.69912097506731e-05	0.00277946123820947	0.2252	0.9023	0.4757	0.4757	TRUE	1.2187
LOC126284576	47	133	23	45	66	18	11	9	14	17	45	125	26	40	81	12	9	9	20	18	38.56	63	14	0.247	-2.017	-4.749	2.04753596911356e-06	0.000149557720866963	0.2374	0.1748	0.2229	0.2229	TRUE	0.1997
LOC126284577	19441	52798	16495	13490	13856	8523	19328	3615	4879	2736	18705	49624	18466	11979	17105	5836	15811	3527	7010	2899	15096.22	23176	7017	0.455	-1.137	-3.607	0.000309232063469505	0.00665371766865209	0.3691	0.0506	0.2742	0.2742	TRUE	2.3291
LOC126284606	5	19	13	9	15	3	1	0	0	0	5	18	15	8	19	2	1	0	0	0	6.66	13	1	0.105	-3.249	-4.339	1.43365138835365e-05	0.000648418685878227	0	0.7713	0.3979	0.3979	TRUE	0.4462
LOC126284620	353	245	156	524	221	58	140	139	77	116	340	230	175	465	273	40	115	136	111	123	200.61	297	105	0.43	-1.219	-4.342	1.41033835923161e-05	0.000639993742483206	0.1588	0.0742	0.1382	0.1382	TRUE	0.2305
LOC126284625	40	27	8	75	12	295	143	80	41	180	38	25	9	67	15	202	117	78	59	191	80.09	31	129	3.07	1.618	4.009	6.10021497879709e-05	0.00195608675356475	0.3766	0.1102	0.2971	0.2971	TRUE	0.1892
LOC126284648	147	1377	342	101	185	224	117	107	71	85	141	1294	383	90	228	153	96	104	102	90	268.21	427	109	0.454	-1.14	-3.39	0.000699990136014949	0.011966414603039	0.5392	0.0682	0.3995	0.3995	TRUE	1.352
LOC126284666	0	0	1	2	1	4	7	14	9	8	0	0	1	2	1	3	6	14	13	8	4.77	1	9	3.65	1.868	3.488	0.000487201498775611	0.00918468222191137	0	1.0579	0.4528	0.4528	TRUE	0.1167
LOC126284741	55	21	23	29	7	14	11	6	0	4	53	20	26	26	9	10	9	6	0	4	16.15	27	6	0.391	-1.353	-3.519	0.000432735931566478	0.00841985767701784	0.347	0.3477	0.3475	0.3475	TRUE	0.2715
LOC126284782	5	0	2	3	2	9	20	24	2	16	5	0	2	3	2	6	16	23	3	17	7.79	2	13	2.204	1.14	3.182	0.00146150081865334	0.0199626396819859	0.3805	0.6664	0.4599	0.4599	TRUE	0.0838
LOC126284858	120	41	51	158	72	439	164	221	353	175	115	39	57	140	89	301	134	216	507	185	178.33	88	269	2.252	1.171	3.869	0.000109373943813164	0.00301805797685659	0.2425	0.0772	0.1991	0.1991	TRUE	0.376
LOC126284962	1	2	2	1	1	9	12	5	11	23	1	2	2	1	1	6	10	5	16	24	6.82	1	12	4.861	2.281	3.887	0.000101663113194156	0.00287870548313708	0	0.7541	0.3541	0.3541	TRUE	0.1612
LOC126284990	35	39	19	75	15	226	60	147	109	121	34	37	21	67	19	155	49	143	157	128	80.88	36	126	2.951	1.561	4.517	6.28054160116626e-06	0.000350146602980938	0.201	0.1096	0.1781	0.1781	TRUE	1.8497
LOC126285100	41	11	8	19	13	4	1	2	3	1	39	10	9	17	16	3	1	2	4	1	10.25	18	2	0.151	-2.723	-4.549	5.39431258496782e-06	0.000312207269483371	0.2516	0.5186	0.3143	0.3143	TRUE	0.7865
LOC126285109	2102	1260	3156	1006	1940	602	1828	301	320	280	2022	1184	3533	893	2395	412	1495	294	460	297	1298.57	2005	592	0.448	-1.159	-3.602	0.000315186067680719	0.00675844034293711	0.3839	0.0539	0.2859	0.2859	TRUE	0.5855
LOC126285161	295	313	139	400	214	790	779	756	683	425	284	294	156	355	264	541	637	738	981	450	470.05	271	669	2.18	1.124	5.013	5.35752597071032e-07	5.18996079673278e-05	0.0796	0.0605	0.0787	0.0787	TRUE	0.2189
LOC126285197	0	0	3	3	2	38	54	10	9	4	0	0	3	3	2	26	44	10	13	4	10.56	2	19	6.387	2.675	4.018	5.86012142256392e-05	0.00188781600261322	0.6607	0.505	0.6107	0.6107	TRUE	0.1663
LOC126285253	1468	127	1621	1808	773	6847	2460	6549	4664	6144	1412	119	1815	1605	954	4688	2012	6390	6702	6509	3220.75	1181	5260	3.334	1.737	4.086	4.39754931758587e-05	0.00153654624911414	0.4588	0.0517	0.3336	0.3336	TRUE	0.842
LOC126285287	0	2	2	1	0	4	17	16	2	7	0	2	2	1	0	3	14	16	3	7	4.76	1	9	2.362	1.24	3.145	0.00166057702677726	0.0220640288022866	0.4218	1.0602	0.5927	0.5927	TRUE	0.0631
LOC126285324	2941	4735	2766	6124	2283	15242	5539	9052	6988	9136	2830	4450	3096	5438	2818	10436	4531	8832	10041	9679	6215.22	3726	8704	2.022	1.016	4.57	4.86605728014119e-06	0.000293773283306891	0.0873	0.051	0.0859	0.0859	TRUE	0.896
LOC126285392	14	15	0	2	6	120	3	56	75	16	13	14	0	2	7	82	2	55	108	17	30.07	7	53	2.244	1.166	3.123	0.00179296120003095	0.0231913418856277	1.2547	0.2099	0.913	0.913	TRUE	0.0545
LOC126285411	17	18	0	21	14	2	0	0	0	1	16	17	0	19	17	1	0	0	0	1	7.16	14	0	0.14	-2.84	-3.881	0.000104198492699857	0.00291959022777822	0	0.7207	0.8696	0.8696	TRUE	1.2807
LOC126287492	24	49	1	37	4	2	2	0	3	1	23	46	1	33	5	1	2	0	4	1	11.64	22	2	0.164	-2.609	-3.88	0.00010430924893153	0.00291959022777822	0.9539	0.4627	0.8098	0.8098	TRUE	0.0823
LOC126291516	72	397	89	59	178	21	76	29	7	14	69	373	100	52	220	14	62	28	10	15	94.39	163	26	0.208	-2.269	-4.353	1.34079812596171e-05	0.000616631703788249	0.547	0.1011	0.4196	0.4196	TRUE	0.2426
LOC126291523	0	0	0	0	0	3	10	14	5	7	0	0	0	0	0	2	8	14	7	7	3.85	0	8	14.212	3.829	4.458	8.25582603787521e-06	0.000428769307419534	0.328	1.2978	0.6643	0.6643	TRUE	0.0823
LOC126291756	9	4	8	24	8	84	7	37	35	84	9	4	9	21	10	58	6	36	50	89	29.12	11	48	2.489	1.316	3.46	0.000539719444586469	0.00985565226417991	0.483	0.2152	0.4154	0.4154	TRUE	0.1165
LOC126291787	10	2	4	3	2	121	25	11	6	28	10	2	4	3	2	83	20	11	9	30	17.34	4	31	4.472	2.161	3.899	9.66390261773977e-05	0.00277946123820947	0.5671	0.3272	0.5091	0.5091	TRUE	0.7507
LOC126291788	15	2	20	24	8	499	392	202	115	492	14	2	22	21	10	342	321	197	165	521	161.58	14	309	18.939	4.243	9.496	2.17623752703954e-21	2.9725228381833e-18	0.3106	0.08	0.2276	0.2276	TRUE	0.1796
LOC126291806	264	109	138	203	98	743	553	319	142	669	254	102	154	180	121	509	452	311	204	709	299.73	162	437	2.159	1.11	4.143	3.4279021270918e-05	0.00126204083972903	0.1592	0.0663	0.1384	0.1384	TRUE	0.1276
LOC126291853	687	5404	1154	77	771	24	259	22	13	101	661	5079	1292	68	952	16	212	21	19	107	842.76	1610	75	0.102	-3.289	-4.25	2.13345522036685e-05	0.000852072071783356	1.2929	0.0559	0.8802	1.2929	TRUE	0.8237
LOC126291947	4	5	1	3	3	13	29	14	10	10	4	5	1	3	4	9	24	14	14	11	8.73	3	14	2.957	1.564	3.798	0.000146118968239703	0.00372358019997407	0	0.6005	0.1901	0.1901	TRUE	0.5591
LOC126291970	10	1	3	52	6	377	14	222	129	185	10	1	3	46	7	258	11	217	185	196	93.5	13	173	5.245	2.391	3.755	0.000173535673668513	0.00424789205490721	1.111	0.1016	0.7783	1.111	TRUE	2.7298
LOC126291981	48	51	173	9	41	5	2	0	4	2	46	48	194	8	51	3	2	0	6	2	35.93	69	3	0.057	-4.136	-5.874	4.25607240765159e-09	9.08338953376767e-07	0.8002	0.1839	0.5977	0.5977	TRUE	0.6538
LOC126292011	107	88	15	105	82	17	10	4	7	8	103	83	17	93	101	12	8	4	10	8	43.92	79	8	0.121	-3.044	-6.575	4.86801263935492e-11	1.66230461602372e-08	0.2486	0.1596	0.2257	0.2257	TRUE	1.1708
LOC126292013	636	385	427	890	609	275	249	235	230	111	612	362	478	790	752	188	204	229	330	118	406.33	599	214	0.405	-1.303	-5.097	3.45123202291363e-07	3.62618293853672e-05	0.1069	0.0621	0.0993	0.0993	TRUE	0.1744
LOC126292016	4	3	4	5	1	48	105	105	122	49	4	3	4	4	1	33	86	102	175	52	46.52	3	90	20.701	4.372	8.253	1.54014115175375e-16	1.31479924948778e-13	0.2661	0.1535	0.2359	0.2359	TRUE	0.1407
LOC126292017	4	7	5	0	1	141	275	275	269	124	4	7	6	0	1	97	225	268	387	131	112.5	4	222	48.979	5.614	10.535	5.93467232828911e-26	2.87274743374904e-22	0.3522	0.0929	0.2397	0.2397	TRUE	0.132
LOC126292027	328	38	275	174	143	83	109	38	32	41	316	36	308	155	177	57	89	37	46	43	126.27	198	54	0.384	-1.383	-3.885	0.000102238052583606	0.00288526768644519	0.3264	0.0883	0.2628	0.2628	TRUE	0.1183
LOC126292067	25	255	45	15	140	0	4	0	2	5	24	240	50	13	173	0	3	0	3	5	51.17	100	2	0.042	-4.59	-5.927	3.08401241161573e-09	7.13975008987444e-07	1.2659	0.1441	0.8088	0.8088	TRUE	0.079
LOC126292116	0	1	0	3	2	49	12	18	13	30	0	1	0	3	2	34	10	18	19	32	11.75	1	23	12.646	3.661	5.423	5.85584116604726e-08	8.41946678810943e-06	0.2004	0.4591	0.28	0.28	TRUE	0.1559
LOC126292117	10	3	9	10	3	40	32	22	13	26	10	3	10	9	4	27	26	21	19	28	15.64	7	24	2.84	1.506	4.432	9.33088764211147e-06	0.000469716178104669	0	0.3574	0.1038	0.1038	TRUE	0.3502
LOC126292127	297	581	699	116	296	49	337	38	42	52	286	546	783	103	365	34	276	37	60	55	254.45	417	92	0.386	-1.374	-3.528	0.000419472872445605	0.0082558789117212	0.6137	0.0691	0.4483	0.4483	TRUE	0.5253
LOC126293173	10	7	7	7	2	184	187	5	133	5	10	7	8	6	2	126	153	5	191	5	51.3	7	96	9.301	3.217	4.573	4.81364932282171e-06	0.000292220604890763	1.0336	0.1439	0.7764	0.7764	TRUE	0.0332
LOC126293175	227	242	93	64	115	610	473	1799	641	1081	218	227	104	57	142	418	387	1755	921	1145	537.5	150	925	5.568	2.477	5.708	1.14056360795386e-08	2.29394198672593e-06	0.3273	0.0592	0.2504	0.2504	TRUE	0.1267
LOC126293234	92	56	45	38	52	16	27	1	13	11	89	53	50	34	64	11	22	1	19	12	35.38	58	13	0.275	-1.861	-4.358	1.31363959350126e-05	0.000606182540798435	0.2853	0.186	0.2524	0.2524	TRUE	0.3961
LOC126293406	92	54	74	183	64	365	157	267	234	286	89	51	83	163	79	250	128	261	336	303	174.17	93	256	2.27	1.183	4.379	1.19448893544323e-05	0.000562604288593762	0.1394	0.0778	0.1258	0.1258	TRUE	0.7419
LOC126293421	35	31	11	25	25	3	6	10	6	10	34	29	12	22	31	2	5	10	9	11	16.41	26	7	0.372	-1.428	-3.926	8.63978671835119e-05	0.00256545319099911	0.1323	0.3429	0.188	0.188	TRUE	0.4353
LOC126293522	203	167	168	195	86	880	376	594	413	330	195	157	188	173	106	603	308	580	593	350	325.24	164	487	2.746	1.457	6.243	4.28726837121431e-10	1.24595316345567e-07	0.0732	0.065	0.0715	0.0715	TRUE	0.0883
LOC126293624	3177	2222	2537	627	2441	927	1251	459	471	267	3057	2088	2840	557	3013	635	1023	448	677	283	1462.11	2311	613	0.322	-1.635	-4.46	8.18011568791598e-06	0.000426458779317727	0.286	0.0535	0.2201	0.2201	TRUE	0.5066
LOC126293655	349	33	77	180	128	16	18	20	12	49	336	31	86	160	158	11	15	20	17	52	88.52	154	23	0.178	-2.486	-4.784	1.7184696759317e-06	0.000126878796235411	0.4789	0.1045	0.3747	0.3747	TRUE	0.2257
LOC126293693	32	11	27	35	63	137	122	254	112	111	31	10	30	31	78	94	100	248	161	118	90.02	36	144	3.285	1.716	4.418	9.97633295163187e-06	0.000488411225040644	0.2771	0.1036	0.23	0.23	TRUE	0.8347
LOC126294969	1	0	5	3	1	46	21	14	23	17	1	0	6	3	1	31	17	14	33	18	12.39	2	23	8.685	3.119	5.287	1.24059381446416e-07	1.55461201025376e-05	0.1444	0.438	0.2452	0.2452	TRUE	0.3516
LOC126294990	1632	2224	1742	1291	381	513	524	324	269	297	1570	2090	1950	1146	470	351	429	316	387	315	902.46	1445	360	0.266	-1.912	-6.069	1.28801726694981e-09	3.31943921684292e-07	0.1543	0.0556	0.1297	0.1297	TRUE	0.1532
LOC126295127	125	240	167	135	151	59	108	63	52	41	120	226	187	120	186	40	88	61	75	43	114.75	168	61	0.417	-1.262	-5.083	3.70543437462746e-07	3.83428243356337e-05	0.0848	0.0921	0.0863	0.0863	TRUE	0.145
LOC126295201	21	331	23	19	41	21	26	13	14	11	20	311	26	17	51	14	21	13	20	12	50.46	85	16	0.429	-1.219	-3.26	0.0011124107384341	0.0164798462866284	0.7906	0.1454	0.6188	0.6188	TRUE	6.6821
LOC126295317	10	15	10	14	15	165	54	62	38	41	10	14	11	12	19	113	44	60	55	43	38.15	13	63	4.531	2.18	6.104	1.03544143407214e-09	2.7731557937238e-07	0.1067	0.1761	0.1207	0.1207	TRUE	1.2252
LOC126295420	11	9	18	10	7	23	106	14	26	45	11	8	20	9	9	16	87	14	37	48	25.79	11	40	2.018	1.013	3.317	0.000909956486877736	0.0144524368072826	0.3299	0.2365	0.3088	0.3088	TRUE	0.2548
LOC126295447	16	14	10	15	7	49	33	49	25	25	15	13	11	13	9	34	27	48	36	26	23.25	12	34	2.292	1.196	4.508	6.55731706938188e-06	0.000361154813914061	0	0.2568	0.069	0.069	TRUE	0.3671
LOC126297459	50	57	38	82	49	320	483	232	194	284	48	54	43	73	60	219	395	226	279	301	169.77	56	284	4.997	2.321	10.309	6.43910610603427e-25	1.4658625050387e-21	0.0452	0.0785	0.0516	0.0516	TRUE	0.2196
LOC126298360	7	20	19	92	24	286	18	283	219	265	7	19	21	82	30	196	15	276	315	281	124.02	32	217	4.632	2.212	4.043	5.28192283949774e-05	0.0017639556006039	0.7444	0.089	0.5457	0.5457	TRUE	1.1508
LOC126298452	13	5	2	13	1	43	9	37	31	36	13	5	2	12	1	29	7	36	45	38	18.78	7	31	2.698	1.432	3.548	0.000388109055291954	0.00784198459501894	0.4124	0.306	0.3823	0.3823	TRUE	0.427
LOC126298611	8	11	10	10	11	78	56	45	9	68	8	10	11	9	14	53	46	44	13	72	27.98	10	46	3.936	1.977	4.966	6.82248406618401e-07	6.29650742297347e-05	0.1505	0.2219	0.1673	0.1673	TRUE	0.1492
LOC126298650	137	414	123	287	83	3204	145	3245	2579	2489	132	389	138	255	102	2194	119	3166	3706	2637	1283.72	203	2364	8.565	3.098	4.874	1.09317439465955e-06	8.78333473920868e-05	0.6308	0.054	0.4481	0.6308	TRUE	0.2412
LOC126298793	244	171	153	356	141	950	341	742	516	760	235	161	171	316	174	650	279	724	741	805	425.7	211	640	2.7	1.433	5.344	9.09553858948213e-08	1.17203737352582e-05	0.1166	0.0615	0.1039	0.1039	TRUE	1.043
LOC126298810	265	227	170	402	149	942	310	740	324	1029	255	213	190	357	184	645	254	722	466	1090	437.59	240	635	2.098	1.069	4.046	5.21036514511544e-05	0.00174432297836107	0.1684	0.0612	0.1417	0.1417	TRUE	0.1536
LOC126298990	519	1547	620	203	406	140	573	160	54	69	499	1454	694	180	501	96	469	156	78	73	420.03	666	174	0.475	-1.074	-3.331	0.000864789088936638	0.0139508786271424	0.549	0.0617	0.4004	0.4004	TRUE	0.7483
LOC126299094	307	663	373	170	434	157	279	85	65	89	295	623	418	151	536	107	228	83	93	94	262.92	405	121	0.368	-1.444	-4.399	1.0864643162278e-05	0.000517073731545489	0.2254	0.0685	0.1814	0.1814	TRUE	0.1887
LOC126299159	18	33	15	22	26	2	7	1	4	7	17	31	17	20	32	1	6	1	6	7	13.8	23	4	0.208	-2.263	-4.718	2.38286541695026e-06	0.000165216034163064	0.1073	0.3983	0.2015	0.2015	TRUE	0.1699
LOC126299206	25	49	18	36	4	306	75	28	60	117	24	46	20	32	5	210	61	27	86	124	63.55	25	102	2.381	1.252	3.513	0.000442929012034517	0.00856935888863948	0.4535	0.1258	0.3618	0.3618	TRUE	0.1952
LOC126300076	35	573	115	47	24	51	39	22	20	27	34	539	129	42	30	35	32	21	29	29	91.8	155	29	0.378	-1.402	-3.423	0.000620429626117224	0.0109630637297997	0.7611	0.1026	0.5734	0.5734	TRUE	2.0921
LOC126301302	1	1	2	0	1	13	12	2	9	3	1	1	2	0	1	9	10	2	13	3	4.22	1	7	2.013	1.009	3.007	0.00264041329782868	0.030104678827247	0	1.1895	0.4975	0.4975	TRUE	0.0736
LOC126305058	16	24	24	11	14	592	28	135	17	491	15	23	27	10	17	405	23	132	24	520	119.64	18	221	8.856	3.147	4.931	8.18260194395143e-07	7.16449743284824e-05	0.8261	0.0904	0.6067	0.6067	TRUE	0.0654
LOC126312749	167	143	123	257	123	75	105	103	31	36	161	134	138	228	152	51	86	101	45	38	113.33	163	64	0.467	-1.099	-4.497	6.89351658899154e-06	0.000373645012258077	0.0963	0.0926	0.0955	0.0955	TRUE	0.6663
LOC126313189	50	15	11	33	19	73	370	48	31	72	48	14	12	29	23	50	303	47	45	76	64.76	25	104	2.273	1.185	3.403	0.000667593995891328	0.0115866154890466	0.5042	0.1244	0.4033	0.4033	TRUE	6.5814
LOC126320020	22	53	40	14	25	2	4	3	0	10	21	50	45	12	31	1	3	3	0	11	17.72	32	4	0.147	-2.769	-4.744	2.09176587969097e-06	0.000151624967805113	0.3985	0.3212	0.3726	0.3726	TRUE	0.3879
LOC126320466	3	26	5	12	5	65	12	62	59	42	3	24	6	11	6	45	10	60	85	44	29.38	10	49	2.929	1.55	3.651	0.000261409146646315	0.00582477574884505	0.4746	0.2137	0.4056	0.4056	TRUE	0.3183
LOC126320697	49	81	35	56	71	20	19	5	8	43	47	76	39	50	88	14	16	5	11	46	39.1	60	18	0.487	-1.038	-3.442	0.000576947049227615	0.0104239679171958	0.2974	0.1731	0.2641	0.2641	TRUE	0.9785
LOC126323151	50	222	56	47	56	9	28	16	13	36	48	209	63	42	69	6	23	16	19	38	53.18	86	20	0.338	-1.566	-3.861	0.000112982045944571	0.00309262878869117	0.3858	0.1406	0.3228	0.3228	TRUE	2.7802
LOC126323429	89	37	92	161	74	499	136	296	264	458	86	35	103	143	91	342	111	289	379	485	206.4	92	321	2.897	1.535	4.472	7.73444597815498e-06	0.000409475959750461	0.2311	0.0735	0.1896	0.1896	TRUE	0.1768
LOC126323702	37	26	30	41	30	139	316	199	51	132	36	24	34	36	37	95	258	194	73	140	92.8	33	152	4.296	2.103	6.258	3.89952025623106e-10	1.15790319956217e-07	0.1365	0.102	0.1288	0.1288	TRUE	0.1093
LOC126324132	145	172	89	114	57	40	86	11	14	37	140	162	100	101	70	27	70	11	20	39	74.02	115	33	0.388	-1.366	-4.041	5.31181192612762e-05	0.00176538303806373	0.2431	0.1151	0.2092	0.2092	TRUE	0.5914
LOC126324148	54	122	19	35	24	246	388	107	74	186	52	115	21	31	30	168	317	104	106	197	114.22	50	178	2.608	1.383	3.911	9.20884505497109e-05	0.00268195340310981	0.3138	0.0923	0.2538	0.2538	TRUE	0.7802
LOC126325127	132	790	206	105	106	160	52	71	55	24	127	743	231	93	131	110	43	69	79	25	165	265	65	0.401	-1.318	-3.576	0.00034920789449888	0.00722701610751546	0.4933	0.0794	0.3746	0.3746	TRUE	2.1044
LOC126325841	28	52	35	41	21	8	5	3	1	2	27	49	39	36	26	5	4	3	1	2	19.34	35	3	0.109	-3.192	-7.265	3.7190628366503e-13	2.03194717143226e-10	0	0.2986	0.1054	0.1054	TRUE	0.1964
LOC126325851	21	7	1	24	25	91	78	56	44	62	20	7	1	21	31	62	64	55	63	66	38.97	16	62	2.75	1.459	3.874	0.000107024503114982	0.00298336262866845	0.3178	0.1735	0.266	0.266	TRUE	0.7226
LOC126326024	308	471	257	348	291	244	117	113	53	209	296	443	288	309	359	167	96	110	76	221	236.56	339	134	0.461	-1.118	-4.678	2.90086213022826e-06	0.000195460549580965	0.0991	0.0706	0.0925	0.0925	TRUE	1.1055
LOC126327460	7	15	2	0	11	0	0	0	0	0	7	14	2	0	14	0	0	0	0	0	3.67	7	0	0.302	-1.727	-3.429	0.00060486190562146	0.0107997500246843	2.4412	1.3606	1.8707	1.8707	TRUE	0.0328
LOC126328190	38	6	7	69	18	148	31	191	158	97	37	6	8	61	22	101	25	186	227	103	77.64	27	128	2.648	1.405	3.503	0.000460362429111944	0.00883158766747196	0.6273	0.1121	0.4769	0.4769	TRUE	0.1881
LOC126328891	37	44	25	17	28	6	14	0	3	15	36	41	28	15	35	4	11	0	4	16	19.04	31	7	0.425	-1.235	-3.412	0.000644987316737088	0.0112514454141914	0.4133	0.3025	0.374	0.374	TRUE	0.8148
LOC126331298	18	6	0	11	8	92	80	42	45	13	17	6	0	10	10	63	65	41	65	14	29.04	9	50	4.232	2.081	4.129	3.63662995583273e-05	0.00132399001653886	0.4729	0.2156	0.3822	0.3822	TRUE	0.4587
LOC126333297	173	421	207	145	149	89	114	78	53	104	166	396	232	129	184	61	93	76	76	110	152.32	221	83	0.446	-1.164	-4.522	6.1291867730316e-06	0.000344520831822381	0.1162	0.0818	0.1087	0.1087	TRUE	0.5735
LOC126333298	704	1486	535	309	493	131	496	88	53	87	677	1397	599	274	609	90	406	86	76	92	430.56	711	150	0.267	-1.907	-4.308	1.64766152975367e-05	0.000707717258959289	0.4317	0.0614	0.3218	0.3218	TRUE	1.0508
LOC126334528	2	3	3	4	1	11	6	26	10	11	2	3	3	4	1	8	5	25	14	12	7.67	3	13	2.477	1.309	3.398	0.000678461586689925	0.0117008924401486	0	0.6762	0.3032	0.3032	TRUE	0.2621
LOC126334696	103	155	13	5	79	5	3	4	0	24	99	146	15	4	98	3	2	4	0	25	39.65	72	7	0.259	-1.948	-3.541	0.000399294580660812	0.00797363256907314	1.423	0.1714	1.0049	1.0049	TRUE	0.3104
LOC126334704	52	59	18	4	41	3	3	3	0	3	50	55	20	4	51	2	2	3	0	3	19.04	36	2	0.087	-3.518	-5.274	1.33383660274922e-07	1.6122897484028e-05	0.533	0.3025	0.468	0.468	TRUE	0.1034
LOC126334705	30	34	3	1	16	1	2	1	0	2	29	32	3	1	20	1	2	1	0	2	9.02	17	1	0.167	-2.58	-3.824	0.000131038549443503	0.00344202989778618	0.8873	0.5825	0.8063	0.8063	TRUE	0.035
LOC126334708	145	836	271	61	370	75	210	64	16	42	140	786	303	54	457	51	172	62	23	44	209.26	348	70	0.345	-1.537	-3.62	0.000294467827538944	0.00639240466639752	0.6491	0.0732	0.4749	0.4749	TRUE	0.2034
LOC126334755	0	2	0	0	2	8	19	10	7	10	0	2	0	0	2	5	16	10	10	11	5.58	1	10	6.447	2.689	3.994	6.49220813006914e-05	0.00204752668057393	0.0823	0.9112	0.3323	0.3323	TRUE	0.2835
LOC126334774	248	525	522	407	223	243	239	130	148	103	239	493	584	361	275	166	196	127	213	109	276.36	390	162	0.489	-1.031	-4.4	1.08222808796466e-05	0.000516858512360462	0.1013	0.0676	0.0957	0.0957	TRUE	0.11
LOC126334801	32	12	8	13	18	1	3	2	1	0	31	11	9	12	22	1	2	2	1	0	9.13	17	1	0.109	-3.202	-4.873	1.10131153744421e-06	8.79696742102363e-05	0	0.5762	0.2963	0.2963	TRUE	0.1496
LOC126334803	38	46	13	12	19	5	3	2	1	3	37	43	15	11	23	3	2	2	1	3	14.09	26	2	0.122	-3.032	-5.442	5.26109682498167e-08	7.97301240729315e-06	0	0.3911	0.242	0.242	TRUE	0.0543
LOC126334845	21	24	54	75	25	163	167	104	90	118	20	23	60	67	31	112	137	101	129	125	80.47	40	121	2.558	1.355	4.702	2.57069644142583e-06	0.000176447953233344	0.1235	0.1099	0.1201	0.1201	TRUE	0.6319
LOC126334853	75	75	70	464	43	4249	130	4183	2084	3710	72	70	78	412	53	2909	106	4082	2994	3931	1470.82	137	2804	12.73	3.67	5.048	4.45386890960869e-07	4.44053981287191e-05	0.8887	0.0535	0.6151	0.8887	TRUE	1.7809
LOC126334876	5957	41303	1134	24489	23477	611	4184	478	271	2452	5732	38820	1269	21746	28983	418	3423	466	389	2598	10384.4	19310	1459	0.15	-2.737	-4.003	6.26292039609406e-05	0.001994061298141	1.0406	0.0507	0.7116	1.0406	TRUE	0.0845
LOC126334877	1309	13475	75	17564	37410	116	437	74	68	93	1259	12665	84	15597	46183	79	357	72	98	99	7649.32	15158	141	0.025	-5.315	-5.982	2.2016934189415e-09	5.37016614452178e-07	1.5244	0.0509	1.0254	1.5244	TRUE	0.3059
LOC126334878	4857	30017	211	76100	87843	78	592	83	117	147	4673	28212	236	67576	108443	53	484	81	168	156	21008.3	41828	188	0.012	-6.326	-6.9	5.208202230849e-12	2.2948011055215e-09	1.5298	0.0505	1.0284	1.5298	TRUE	0.0911
LOC126334951	49	25	28	54	28	245	125	37	57	139	47	23	31	48	35	168	102	36	82	147	71.98	37	107	2.185	1.128	3.893	9.89097802842443e-05	0.00282047742985907	0.1847	0.117	0.1689	0.1689	TRUE	0.1064
LOC126334960	1	1	1	9	0	39	1	31	50	34	1	1	1	8	0	27	1	30	72	36	17.66	2	33	6.258	2.646	3.886	0.000101794768896347	0.00287870548313708	1.248	0.3221	0.9428	0.9428	TRUE	0.4721
LOC126335006	4	7	6	10	2	263	5	260	142	572	4	7	7	9	2	180	4	254	204	606	127.64	6	250	23.629	4.562	5.947	2.73013074338188e-09	6.42945790066434e-07	0.9152	0.0879	0.6524	0.9152	TRUE	0.1816
LOC126335145	8	4	57	101	72	9	4	0	2	9	8	4	64	90	89	6	3	0	3	10	27.57	51	4	0.163	-2.614	-3.975	7.05116004556072e-05	0.00217899988828764	1.1049	0.2245	0.8251	0.8251	TRUE	0.0521
LOC126335161	0	2	1	1	3	14	18	6	11	25	0	2	1	1	4	10	15	6	16	26	8	2	15	6.612	2.725	4.274	1.92171429617656e-05	0.000785889088966336	0.2171	0.6502	0.3357	0.3357	TRUE	0.2117
LOC126335208	55	15	23	117	18	453	54	300	181	274	53	14	26	104	22	310	44	293	260	290	141.63	44	239	4.242	2.085	4.298	1.7200249407328e-05	0.000731894724780975	0.4961	0.0842	0.3754	0.3754	TRUE	4.8974
LOC126335213	87	72	66	92	81	212	291	135	141	164	84	68	74	82	100	145	238	132	203	174	129.82	82	178	2.004	1.003	5.394	6.88838349259595e-08	9.31568615102654e-06	0.0347	0.0872	0.0438	0.0438	TRUE	0.149
LOC126335260	537	2160	612	182	507	18	458	22	38	20	517	2030	685	162	626	12	375	21	55	21	450.37	804	97	0.463	-1.112	-3.061	0.00220762873627156	0.0269713782725699	1.1885	0.0609	0.8186	1.1885	TRUE	1.941
LOC126335271	961	3196	1066	719	1338	736	942	540	282	538	925	3004	1193	638	1652	504	771	527	405	570	1018.87	1482	555	0.491	-1.026	-3.854	0.000116021795975465	0.00315057994280094	0.1985	0.055	0.1609	0.1609	TRUE	0.4256
LOC126335370	12	16	2	9	16	2	3	1	4	0	12	15	2	8	20	1	2	1	6	0	6.71	11	2	0.466	-1.102	-3.13	0.00174874011477337	0.0228137929586336	0.3703	0.7658	0.4881	0.4881	TRUE	0.2266
LOC126335449	11	126	140	426	81	9084	81	3776	1548	7454	11	118	157	378	100	6220	66	3684	2224	7897	2085.57	153	4018	13.111	3.713	4.648	3.34498313928725e-06	0.000220720409176447	1.2331	0.0526	0.8359	1.2331	TRUE	0.1041
LOC126335550	0	0	0	0	1	1	48	1	0	58	0	0	0	0	1	1	39	1	0	61	10.36	0	20	4.052	2.019	3.608	0.000308526304934761	0.00665371766865209	4.2982	0.5138	2.5136	2.5136	TRUE	0.1787
LOC126335616	255	82	193	110	125	8	2	0	3	9	245	77	216	98	154	5	2	0	4	10	81.14	158	4	0.033	-4.915	-9.562	1.15006209435055e-21	1.74541090519269e-18	0.3394	0.1094	0.2429	0.2429	TRUE	0.1654
LOC126335638	15	16	16	18	14	9	2	6	7	1	14	15	18	16	17	6	2	6	10	1	10.54	16	5	0.472	-1.083	-3.48	0.00050177559180066	0.00935027668268106	0	0.5058	0.1733	0.1733	TRUE	0.4024
LOC126335646	2423	18724	114	42310	56971	64	398	48	78	90	2331	17598	128	37571	70331	44	326	47	112	95	12858.28	25592	125	0.014	-6.158	-6.68	2.39432160142852e-11	9.34401107254634e-09	1.584	0.0506	1.0638	1.584	TRUE	0.1293
LOC126335664	139	91	106	254	131	489	242	405	297	367	134	86	119	226	162	335	198	395	427	389	246.87	145	349	2.038	1.027	4.412	1.02253210337915e-05	0.000495275390072899	0.1003	0.0697	0.0935	0.0935	TRUE	0.9489
LOC126335666	0	0	1	9	1	82	50	11	63	204	0	0	1	8	1	56	41	11	91	216	42.48	2	83	20.766	4.376	5.613	1.99224609641878e-08	3.68898029780849e-06	1.301	0.1633	0.8177	0.8177	TRUE	0.735
LOC126335750	51	6	37	29	8	70	249	179	77	197	49	6	41	26	10	48	204	175	111	209	87.74	26	149	4.627	2.21	4.55	5.36941355088994e-06	0.000312207269483371	0.4373	0.105	0.3394	0.3394	TRUE	0.2131
LOC126335770	44	12	35	254	34	521	98	636	367	534	42	11	39	226	42	357	80	621	527	566	251.08	72	430	2.458	1.297	3.274	0.00105960355875793	0.0159258643687098	0.7348	0.0694	0.5265	0.7348	TRUE	1.6958
LOC126335829	0	5	0	1	0	41	34	22	11	19	0	5	0	1	0	28	28	21	16	20	11.89	1	23	13.453	3.75	5.731	1.0005977473552e-08	2.07078251986737e-06	0.0227	0.4543	0.2159	0.2159	TRUE	1.5566
LOC126335945	484	180	86	127	121	60	47	45	26	13	466	169	96	113	149	41	38	44	37	14	116.79	199	35	0.196	-2.352	-5.466	4.61010114798958e-08	7.23785880234364e-06	0.2879	0.0914	0.2359	0.2359	TRUE	1.6432
LOC126335954	43	28	22	1	19	8	1	0	0	0	41	26	25	1	23	5	1	0	0	0	12.3	23	1	0.19	-2.395	-3.7	0.000215469988100871	0.00503956261553049	1.4998	0.4408	1.0702	1.0702	TRUE	1.0106
LOC126336094	213	493	161	104	201	94	178	51	32	43	205	463	180	92	248	64	146	50	46	46	154.03	238	70	0.402	-1.315	-3.929	8.52876015604246e-05	0.00253800294055303	0.2837	0.0814	0.2301	0.2301	TRUE	0.414
LOC126336142	14	2	8	32	2	62	29	63	32	94	13	2	9	28	2	42	24	61	46	100	32.84	11	55	2.872	1.522	3.609	0.000307497058689338	0.00664573152632543	0.5259	0.1965	0.4282	0.4282	TRUE	0.6983
LOC126336168	61	32	6	3	36	7	7	2	3	6	59	30	7	3	44	5	6	2	4	6	16.57	29	5	0.34	-1.556	-3.467	0.00052678011038396	0.00968410434419181	0.6313	0.34	0.5616	0.5616	TRUE	0.0602
LOC126336183	73	107	115	159	130	1142	808	661	362	916	70	101	129	141	160	782	661	645	520	970	417.97	120	716	5.809	2.538	10.527	6.49260486103832e-26	2.87274743374904e-22	0.0655	0.0617	0.067	0.067	TRUE	0.1802
LOC126336207	3	0	7	2	0	0	65	120	81	29	3	0	8	2	0	0	53	117	116	31	32.99	3	63	2.598	1.377	3.227	0.0012526254440024	0.0179346026620847	2.3021	0.1958	1.3634	2.3021	TRUE	0.1759
LOC126336219	12	6	7	13	8	251	283	10	171	20	12	6	8	12	10	172	232	10	246	21	72.65	10	136	10.764	3.428	5.389	7.10101124783443e-08	9.50908947393828e-06	0.7379	0.1164	0.5609	0.5609	TRUE	0.0343
LOC126336250	120	202	116	46	111	58	68	3	8	9	115	190	130	41	137	40	56	3	11	10	73.23	123	24	0.316	-1.661	-3.726	0.000194899363432961	0.00462979200892316	0.5968	0.1158	0.4509	0.4509	TRUE	0.5462
LOC126336270	6	12	3	15	7	59	50	61	44	68	6	11	3	13	9	40	41	60	63	72	31.85	8	55	5.974	2.579	7.128	1.01918312848326e-12	5.35423936613573e-10	0.063	0.2011	0.1006	0.1006	TRUE	0.1482
LOC126336301	44	76	44	27	45	31	23	11	7	18	42	71	49	24	56	21	19	11	10	19	32.25	48	16	0.415	-1.268	-4.294	1.75851577166796e-05	0.000739063597698852	0.0988	0.1992	0.1207	0.1207	TRUE	0.1214
LOC126336367	103	149	136	38	21	19	22	1	11	22	99	140	152	34	26	13	18	1	16	23	52.22	90	14	0.21	-2.253	-4.258	2.06689660869978e-05	0.000827910286751621	0.5621	0.1422	0.4317	0.4317	TRUE	0.0618
LOC126336373	56	98	113	64	62	14	32	25	2	5	54	92	127	57	77	10	26	24	3	5	47.42	81	14	0.197	-2.344	-5.069	4.00249712000003e-07	4.0798588180657e-05	0.311	0.1515	0.2605	0.2605	TRUE	0.382
LOC126336417	11783	53	4174	63799	2300	240755	9034	135609	240185	123089	11337	50	4673	56653	2839	164840	7390	132319	345115	130406	85562.12	15110	156014	2.045	1.032	2.991	0.00277626910791598	0.0313138395912671	1.5225	0.0503	1.2685	1.5225	TRUE	0.7376
LOC126336424	12	13	7	15	13	326	323	22	123	426	12	12	8	13	16	223	264	21	177	451	119.79	12	227	15.048	3.912	7.373	1.67213875130705e-13	1.03817014564105e-10	0.4525	0.0903	0.3497	0.3497	TRUE	0.0801
LOC126336443	43	49	27	40	39	28	11	10	17	18	41	46	30	36	48	19	9	10	24	19	28.27	40	16	0.494	-1.018	-4.056	4.98675204704898e-05	0.00167768586725719	0.038	0.2201	0.0865	0.0865	TRUE	0.334
LOC126336460	271	188	151	152	139	959	448	410	391	565	261	177	169	135	172	657	366	400	562	599	349.66	183	517	2.637	1.399	6.535	6.37577822810319e-11	2.12406719067467e-08	0.0582	0.064	0.0595	0.0595	TRUE	0.1433
LOC126336466	95	92	68	103	83	517	217	493	132	196	91	86	76	91	102	354	178	481	190	208	185.78	89	282	2.858	1.515	5.592	2.24466130837421e-08	4.03418800145833e-06	0.1062	0.0761	0.0979	0.0979	TRUE	0.2197
LOC126336468	164	136	123	159	71	612	474	427	266	267	158	128	138	141	88	419	388	417	382	283	254.06	131	378	2.782	1.476	8.403	4.36425021674757e-17	3.97408624737034e-14	0.0269	0.0692	0.0346	0.0346	TRUE	0.3259
LOC126336495	15	57	43	0	2	5	4	1	0	0	14	54	48	0	2	3	3	1	0	0	12.63	24	1	0.414	-1.272	-3.139	0.00169525448301897	0.0223940821891258	2.1455	0.4305	1.4984	1.4984	TRUE	0.0417
LOC126336574	6	9	13	47	11	384	29	278	210	302	6	8	15	42	14	263	24	271	302	320	126.37	17	236	11.072	3.469	6.087	1.1506877355948e-09	3.02254688086335e-07	0.5885	0.0883	0.4364	0.4364	TRUE	2.4546
LOC126336602	3124	6158	4313	2832	4081	925	3325	528	918	799	3006	5788	4828	2515	5038	633	2720	515	1319	846	2720.87	4235	1207	0.358	-1.482	-4.26	2.04799942439429e-05	0.000822753651111813	0.2819	0.052	0.2166	0.2166	TRUE	0.6591
LOC126336739	1000	654	332	278	433	269	265	245	110	236	962	615	372	247	535	184	217	239	158	250	377.8	546	210	0.467	-1.098	-4.269	1.96473824777825e-05	0.000794084636087089	0.1375	0.063	0.1223	0.1223	TRUE	0.2149
LOC126336790	11	1	2	3	2	31	1	34	26	72	11	1	2	3	2	21	1	33	37	76	18.78	4	34	3.822	1.934	3.578	0.000346244211525364	0.00720937452015997	0.9618	0.306	0.7796	0.7796	TRUE	0.2557
LOC126336796	139	134	160	173	120	87	53	56	21	67	134	126	179	154	148	60	43	55	30	71	99.93	148	52	0.376	-1.41	-6.787	1.14499873221218e-11	4.73925384342006e-09	0.03	0.0983	0.046	0.046	TRUE	0.3425
LOC126336884	559	893	1160	393	747	169	192	63	70	221	538	839	1299	349	922	116	157	61	101	234	461.59	789	134	0.182	-2.456	-6.487	8.73131358248416e-11	2.83954791007503e-08	0.2228	0.0607	0.1827	0.1827	TRUE	0.1189
LOC126336957	0	1	0	0	1	4	8	5	0	25	0	1	0	0	1	3	7	5	0	26	4.28	0	8	2.111	1.078	3.044	0.00233732811329698	0.0278582589001078	1.3943	1.1718	1.3169	1.3169	TRUE	0.8806
LOC126336988	3	4	2	8	4	84	12	36	29	59	3	4	2	7	5	58	10	35	42	63	22.76	4	42	8.191	3.034	5.708	1.14201665639771e-08	2.29394198672593e-06	0.268	0.2613	0.2663	0.2663	TRUE	0.1409
LOC126337053	111	333	106	95	166	45	95	77	26	19	107	313	119	84	205	31	78	75	37	20	106.89	166	48	0.399	-1.327	-3.913	9.09719445147342e-05	0.00266078327650268	0.2833	0.0952	0.234	0.234	TRUE	0.2683
LOC126337054	3755	4148	3802	3003	3904	779	1229	423	560	553	3613	3899	4256	2667	4820	533	1005	413	805	586	2259.59	3851	668	0.178	-2.486	-9.997	1.56812694616557e-23	2.67738074470945e-20	0.0828	0.0524	0.0758	0.0758	TRUE	0.3233
LOC126337077	32	13	15	32	17	62	92	45	43	64	31	12	17	28	21	42	75	44	62	68	40.04	22	58	2.213	1.146	4.429	9.45121285681476e-06	0.000471146410259974	0.0659	0.1702	0.0892	0.0892	TRUE	0.1435
LOC126343303	59	295	117	84	64	23	6	21	26	4	57	277	131	75	79	16	5	20	37	4	70.14	124	16	0.159	-2.65	-4.935	8.01573431877284e-07	7.06367193936246e-05	0.5021	0.1187	0.3882	0.3882	TRUE	0.6141
LOC126345116	43	59	28	38	95	129	111	182	116	413	41	55	31	34	117	88	91	178	167	438	124.01	56	192	2.248	1.169	3.589	0.000331523174510745	0.00696657698560349	0.3586	0.089	0.2856	0.2856	TRUE	0.885
LOC126349353	282	309	190	1143	163	9752	224	8398	2265	8047	271	290	213	1015	201	6677	183	8194	3255	8525	2882.5	398	5367	8.72	3.124	4.52	6.18222646362481e-06	0.000346077996994472	0.8265	0.0519	0.5739	0.8265	TRUE	0.2703
LOC126349427	298	737	206	434	239	3212	282	2501	1087	3179	287	693	231	385	295	2199	231	2440	1562	3368	1169.05	378	1960	4.318	2.11	4.598	4.26164182543281e-06	0.000269489655988828	0.4324	0.0544	0.3185	0.3185	TRUE	0.1286
LOC126350781	25	24	19	12	21	1	7	3	0	5	24	23	21	11	26	1	6	3	0	5	11.91	21	3	0.176	-2.507	-4.734	2.20385066659453e-06	0.00015516699100523	0.1089	0.4535	0.2348	0.2348	TRUE	0.4757
LOC126350814	843	712	861	1207	973	3416	2938	3062	2455	1958	811	669	964	1072	1201	2339	2403	2988	3528	2074	1804.9	943	2666	2.682	1.423	7.391	1.46107202575024e-13	9.5032299046298e-11	0.0479	0.0529	0.0487	0.0487	TRUE	0.1788
LOC126353822	101	107	43	179	68	478	236	518	284	434	97	101	48	159	84	327	193	505	408	460	238.24	98	379	3.589	1.844	5.912	3.37360504018582e-09	7.51914929635205e-07	0.1413	0.0704	0.124	0.124	TRUE	0.2711
LOC126353826	1	11	8	7	3	29	49	15	16	170	1	10	9	6	4	20	40	15	23	180	30.78	6	56	6.01	2.587	4.169	3.06023845035225e-05	0.00114834607124619	0.7658	0.2063	0.613	0.613	TRUE	3.2993
LOC126353899	2	0	1	6	3	10	55	59	15	28	2	0	1	5	4	7	45	58	22	30	17.27	2	32	9.557	3.257	4.993	5.94739400301309e-07	5.60244515083833e-05	0.4963	0.3283	0.444	0.444	TRUE	0.1129
LOC126353961	16	15	22	28	22	127	91	94	113	84	15	14	25	25	27	87	74	92	162	89	61.06	21	101	4.555	2.187	7.353	1.93792585979644e-13	1.15087518778085e-10	0.07	0.1289	0.083	0.083	TRUE	1.0344
LOC126353962	283	421	198	460	405	17	11	47	3	1	272	396	222	408	500	12	9	46	4	1	187	360	14	0.052	-4.257	-7.59	3.21012130277263e-14	2.30773930918797e-11	0.6249	0.0759	0.4123	0.4123	TRUE	1.285
LOC126353965	124	120	134	145	62	298	359	301	310	258	119	113	150	129	77	204	294	294	445	273	209.76	118	302	2.316	1.212	5.612	1.99856901704245e-08	3.68898029780849e-06	0.0614	0.0731	0.0641	0.0641	TRUE	0.3474
LOC126354014	5	9	3	5	2	26	45	26	13	29	5	8	3	4	2	18	37	25	19	31	15.29	4	26	4.814	2.267	5.269	1.36868397196092e-07	1.63989950640476e-05	0.0591	0.3643	0.1312	0.1312	TRUE	0.2123
LOC126354113	17	14	6	11	27	0	0	0	3	0	16	13	7	10	33	0	0	0	4	0	8.36	16	1	0.091	-3.462	-4.323	1.53788387091057e-05	0.000675432662146864	0.6216	0.6244	0.6238	0.6238	TRUE	1.511
LOC126354154	317	345	353	257	221	1952	627	1815	908	1213	305	324	395	228	273	1336	513	1771	1305	1285	773.56	305	1242	3.896	1.962	7.001	2.5331719862256e-12	1.2357355771377e-09	0.1109	0.0565	0.0984	0.0984	TRUE	0.2429
LOC126354344	113	89	45	143	102	246	213	339	229	246	109	84	50	127	126	168	174	331	329	261	175.88	99	253	2.15	1.104	4.491	7.09945422945557e-06	0.000381123636180716	0.1076	0.0776	0.1007	0.1007	TRUE	0.1031
LOC126354348	18	24	17	24	20	6	7	5	7	6	17	23	19	21	25	4	6	5	10	6	13.6	21	6	0.336	-1.572	-4.603	4.1725340665354e-06	0.000265082059603754	0	0.4033	0.083	0.083	TRUE	0.1783
LOC126354378	3	5	9	24	8	45	111	66	15	42	3	5	10	21	10	31	91	64	22	44	30.09	10	50	4.028	2.01	4.284	1.83152127175364e-05	0.000762705763746431	0.339	0.2099	0.3046	0.3046	TRUE	0.2596
LOC126354441	12	31	10	5	20	74	90	62	46	71	12	29	11	4	25	51	74	60	66	75	40.71	16	65	3.558	1.831	4.962	6.98779957028045e-07	6.36309028869738e-05	0.1554	0.1682	0.1592	0.1592	TRUE	0.8905
LOC126354462	23	56	30	25	21	102	229	28	89	103	22	53	34	22	26	70	187	27	128	109	67.8	31	104	2.331	1.221	3.753	0.000174969044419467	0.00426007518311141	0.273	0.1211	0.2356	0.2356	TRUE	0.1022
LOC126354486	81	144	285	129	96	85	23	17	14	6	78	135	319	115	119	58	19	17	20	6	88.55	153	24	0.185	-2.433	-5.007	5.51457222015486e-07	5.30447478557009e-05	0.397	0.1045	0.3137	0.3137	TRUE	1.6534
LOC126354550	697	413	529	1015	257	183	326	186	201	103	671	388	592	901	317	125	267	181	289	109	384.1	574	194	0.406	-1.3	-4.495	6.97081993036236e-06	0.000376341618295729	0.1654	0.0628	0.1423	0.1423	TRUE	0.1276
LOC126354580	16	5	13	2	6	3	0	0	0	0	15	5	15	2	7	2	0	0	0	0	4.59	9	0	0.307	-1.703	-3.36	0.000779906204075985	0.0129437896008188	0.6923	1.0969	0.8423	0.8423	TRUE	0.4669
LOC126354659	13	0	4	4	3	65	35	6	30	39	13	0	4	4	4	45	29	6	43	41	18.77	5	33	4.124	2.044	3.848	0.00011911939727654	0.00321551748498075	0.5818	0.3062	0.4925	0.4925	TRUE	0.943
LOC126354736	13	8	6	18	4	52	24	23	43	26	13	8	7	16	5	36	20	22	62	28	21.47	10	34	2.459	1.298	3.857	0.000114611993407685	0.00312472099392328	0.16	0.274	0.1852	0.1852	TRUE	0.4904
LOC126354782	0	7	8	9	13	2	0	0	0	0	0	7	9	8	16	1	0	0	0	0	4.09	8	0	0.426	-1.231	-3.134	0.00172456578631403	0.0226280922913192	1.3311	1.2232	1.2802	1.2802	TRUE	0.2853
LOC126354938	6	0	4	56	1	70	12	496	448	605	6	0	4	50	1	48	10	484	644	641	188.76	12	365	4.672	2.224	3.601	0.000317482973159913	0.00677650152206803	2.175	0.0757	1.3692	2.175	TRUE	0.3386
LOC126354941	34	9	7	89	33	342	15	601	349	448	33	8	8	79	41	234	12	586	501	475	197.77	34	362	5.155	2.366	3.807	0.00014074206462393	0.0035999922484986	0.953	0.0745	0.6728	0.953	TRUE	0.2434
LOC126354943	0	0	1	3	6	85	11	33	35	93	0	0	1	3	7	58	9	32	50	99	25.94	2	50	14.661	3.874	5.407	6.41653977511491e-08	8.76435167882946e-06	0.8597	0.2354	0.5965	0.5965	TRUE	0.383
LOC126354944	1	0	0	7	2	121	17	56	66	77	1	0	0	6	2	83	14	55	95	82	33.75	2	66	21.685	4.439	6.593	4.29590802659727e-11	1.54415283513926e-08	0.6368	0.1926	0.4385	0.4385	TRUE	0.8748
LOC126354948	0	0	0	2	1	5	4	9	14	14	0	0	0	2	1	3	3	9	20	15	5.34	1	10	4.469	2.16	3.58	0.000343103502303749	0.00717680051756036	0.5005	0.949	0.6323	0.6323	TRUE	0.1986
LOC126354982	0	1	1	2	0	5	15	10	7	7	0	1	1	2	0	3	12	10	10	7	4.68	1	8	4.437	2.15	3.657	0.000254751162587377	0.00576100352612745	0	1.0773	0.3511	0.3511	TRUE	0.2402
LOC126355070	1	3	1	1	2	518	3	7	1	48	1	3	1	1	2	355	2	7	1	51	42.45	2	83	10.024	3.325	4.077	4.56078282481949e-05	0.00157312456071236	2.0007	0.1634	1.4509	2.0007	TRUE	3.0901
LOC126355150	120	54	73	251	137	1080	150	473	147	815	115	51	82	223	169	739	123	462	211	863	303.83	128	480	2.474	1.307	3.677	0.000236163051219395	0.00543055743536316	0.4214	0.0661	0.3178	0.3178	TRUE	0.0571
LOC126355159	4	2	0	23	8	169	53	82	44	158	4	2	0	20	10	116	43	80	63	167	50.57	7	94	9.882	3.305	5.411	6.26911226812483e-08	8.73773515003236e-06	0.7003	0.1452	0.4837	0.4837	TRUE	0.6045
LOC126355258	64	2	17	203	17	850	117	694	335	677	62	2	19	180	21	582	96	677	481	717	283.72	57	511	3.066	1.616	3.371	0.000749600109584718	0.0125475341872765	1.0508	0.0672	0.7192	1.0508	TRUE	2.4296
LOC126355291	1	15	3	12	5	0	0	1	0	2	1	14	3	11	6	0	0	1	0	2	3.83	7	1	0.487	-1.038	-2.994	0.00275153827983358	0.0311119713280189	0.6597	1.3028	0.8635	0.8635	TRUE	0.2219
LOC126355316	0	0	2	0	1	42	20	7	11	10	0	0	2	0	1	29	16	7	16	11	8.18	1	16	12.836	3.682	4.64	3.48101533498868e-06	0.000228592252214473	0.2429	0.6372	0.3671	0.3671	TRUE	0.3969
LOC126355318	0	0	0	1	0	7	4	1	8	4	0	0	0	1	0	5	3	1	11	4	2.57	0	5	2.598	1.377	3.2	0.00137219084744454	0.0191057643070795	0.3922	1.9218	0.8794	0.8794	TRUE	0.2793
LOC126355359	0	1	1	0	0	23	13	8	7	13	0	1	1	0	0	16	11	8	10	14	6.01	0	12	13.596	3.765	4.666	3.0745558377048e-06	0.000205859598956911	0	0.8496	0.2325	0.2325	TRUE	0.1534
LOC126355428	8295	29188	7372	5449	11968	2363	7578	1596	2472	2582	7981	27433	8253	4839	14775	1618	6199	1557	3552	2735	7894.21	12656	3132	0.318	-1.653	-4.192	2.76520312978099e-05	0.00106095251544041	0.4384	0.0509	0.2772	0.2772	TRUE	0.386
LOC126355446	4823	10309	7636	4429	8576	1038	5071	778	2543	1115	4640	9689	8548	3933	10587	711	4148	759	3654	1181	4785.14	7479	2091	0.423	-1.242	-3.651	0.000260867303575309	0.00582477574884505	0.4006	0.0513	0.3044	0.3044	TRUE	0.2549
LOC126355447	2257	3239	5254	2946	6021	545	2916	336	787	640	2172	3044	5882	2616	7433	373	2385	328	1131	678	2604.19	4229	979	0.314	-1.671	-4.029	5.60799179407153e-05	0.00182815178795282	0.451	0.0521	0.3291	0.3291	TRUE	0.4168
LOC126355483	5	48	8	8	5	0	7	1	0	1	5	45	9	7	6	0	6	1	0	1	7.99	14	2	0.473	-1.079	-3.031	0.0024399174972551	0.0285332475128488	1.1113	0.6512	0.9714	0.9714	TRUE	6.7313
LOC126355490	134	108	196	209	162	1233	1611	1140	1196	1369	129	102	219	186	200	844	1318	1112	1718	1450	727.87	167	1288	7.471	2.901	11.564	6.2824022382343e-31	8.58113321720424e-27	0.0797	0.0568	0.0746	0.0746	TRUE	0.0855
LOC126355499	1060	1440	1716	1444	2019	82	257	73	95	101	1020	1353	1921	1282	2492	56	210	71	137	107	865.02	1614	116	0.078	-3.679	-10.502	8.41276062302961e-26	2.87274743374904e-22	0.1998	0.0558	0.1524	0.1524	TRUE	0.2653
LOC126355502	531	347	563	399	392	86	457	64	84	56	511	326	630	354	484	59	374	62	121	59	298.07	461	135	0.451	-1.15	-3.576	0.000349149937507277	0.00722701610751546	0.38	0.0664	0.2895	0.2895	TRUE	2.4647
LOC126355503	1529	3348	2027	1107	3278	333	1450	241	524	215	1471	3147	2269	983	4047	228	1186	235	753	228	1454.68	2383	526	0.285	-1.811	-4.205	2.60889733298818e-05	0.00100948806434237	0.4381	0.0536	0.3216	0.3216	TRUE	0.2689
LOC126355506	169	533	184	131	166	12	135	18	9	11	163	501	206	116	205	8	110	18	13	12	135.16	238	32	0.184	-2.445	-4.32	1.56377538660047e-05	0.000682252421822511	0.7071	0.0858	0.5167	0.5167	TRUE	3.8035
LOC126355507	480	1436	474	287	954	127	579	47	70	57	462	1350	531	255	1178	87	474	46	101	60	454.21	755	154	0.486	-1.041	-3.135	0.00171921082500322	0.0225943725395685	0.6409	0.0608	0.4601	0.6409	TRUE	0.4568
LOC126355508	94	554	213	57	317	14	134	24	28	16	90	521	238	51	391	10	110	23	40	17	149.13	258	40	0.235	-2.087	-3.949	7.85968809671592e-05	0.00237512123258944	0.7434	0.0825	0.5434	0.5434	TRUE	0.2104
LOC126355516	9	80	7	55	69	4	15	1	6	2	9	75	8	49	85	3	12	1	9	2	25.24	45	5	0.206	-2.279	-3.878	0.000105472348844455	0.00294610800177179	0.8179	0.2405	0.6574	0.6574	TRUE	0.0796
LOC126355521	694	9	336	17	960	17	43	8	8	3	668	8	376	15	1185	12	35	8	11	3	232.19	450	14	0.079	-3.666	-4.407	1.04616566612236e-05	0.000504932043588879	1.5202	0.0709	1.0449	1.5202	TRUE	0.1089
LOC126355522	71	157	48	6	33	1	10	3	0	2	68	148	54	5	41	1	8	3	0	2	32.96	63	3	0.072	-3.794	-5.282	1.28123893331932e-07	1.5773702259077e-05	0.9274	0.196	0.6778	0.6778	TRUE	0.314
LOC126355527	67	494	100	73	299	14	35	38	10	5	64	464	112	65	369	10	29	37	14	5	116.96	215	19	0.112	-3.164	-5.439	5.34666643840924e-08	7.97301240729315e-06	0.6298	0.0913	0.4681	0.4681	TRUE	0.0745
LOC126355556	7031	4991	5734	1611	4780	891	4247	950	1085	447	6765	4691	6419	1431	5901	610	3474	927	1559	474	3225.02	5041	1409	0.45	-1.151	-3.507	0.000453626300292482	0.00872687554323241	0.4718	0.0517	0.33	0.33	TRUE	2.0705
LOC126355630	12219	17884	12916	30728	10845	96101	17712	73930	60744	70745	11757	16809	14459	27286	13388	65798	14489	72137	87281	74950	39835.44	16740	62931	3.251	1.701	4.817	1.45544761925908e-06	0.00011106122363944	0.1683	0.0504	0.1889	0.1889	TRUE	0.7672
LOC126355693	149	287	308	72	296	26	216	14	13	15	143	270	345	64	365	18	177	14	19	16	143	237	49	0.469	-1.092	-3.187	0.00143544253025949	0.0197250598800949	0.8342	0.0838	0.6045	0.6045	TRUE	1.0709
LOC126355694	2011	6527	3762	2188	5711	599	3246	403	666	370	1935	6135	4211	1943	7050	410	2655	393	957	392	2608.18	4255	961	0.335	-1.576	-3.811	0.000138212846936108	0.00354611199714433	0.5285	0.0521	0.38	0.38	TRUE	0.3952
LOC126355695	17	18	13	20	14	3	9	0	4	1	16	17	15	18	17	2	7	0	6	1	9.91	17	3	0.268	-1.901	-4.035	5.4702060109417e-05	0.00180042274466151	0	0.5349	0.2354	0.2354	TRUE	1.0254
LOC126355696	136	1151	94	124	281	12	75	12	24	6	131	1082	105	110	347	8	61	12	34	6	189.7	355	24	0.112	-3.153	-4.443	8.86323737188723e-06	0.000450048175697426	0.8859	0.0756	0.6299	0.8859	TRUE	0.9947
LOC126355700	7069	10991	8270	5043	5795	1440	7273	865	1108	1054	6801	10330	9258	4478	7154	986	5950	844	1592	1117	4851.02	7604	2098	0.402	-1.314	-3.751	0.000176051872341113	0.00427881232083142	0.3992	0.0512	0.2944	0.2944	TRUE	2.0171
LOC126355760	204	503	207	89	89	136	47	31	47	69	196	473	232	79	110	93	38	30	68	73	139.21	218	60	0.381	-1.391	-3.917	8.96528691094152e-05	0.00263348072938818	0.3199	0.0847	0.2571	0.2571	TRUE	0.3812
LOC126355770	140	256	101	207	76	77	43	59	17	76	135	241	113	184	94	53	35	58	24	81	101.64	153	50	0.39	-1.357	-4.575	4.75977469973223e-06	0.00029133194202477	0.1515	0.0975	0.1356	0.1356	TRUE	0.1777
LOC126355775	10	18	30	11	34	0	9	1	0	1	10	17	34	10	42	0	7	1	0	1	12.13	23	2	0.175	-2.517	-3.902	9.55430397950066e-05	0.00275903251704016	0.8479	0.4463	0.6965	0.6965	TRUE	0.642
LOC126355785	3	5	13	35	7	102	22	68	68	81	3	5	15	31	9	70	18	66	98	86	39.96	13	68	3.863	1.95	4.032	5.53535909062681e-05	0.00181748725526134	0.477	0.1704	0.3904	0.3904	TRUE	1.0653
LOC126355804	1	19	4	9	10	0	2	2	1	1	1	18	4	8	12	0	2	2	1	1	4.97	9	1	0.488	-1.035	-3.018	0.00254050837105918	0.0294074608816079	0	1.0162	0.6393	0.6393	TRUE	0.0864
LOC126355841	367	82	223	1117	200	2895	1122	1644	1144	1626	353	77	250	992	247	1982	918	1604	1644	1723	978.91	384	1574	3.078	1.622	4.066	4.78474392298849e-05	0.00162574172249004	0.404	0.0552	0.2995	0.2995	TRUE	5.2808
LOC126355929	1369	220	156	1374	972	163	132	99	37	109	1317	207	175	1220	1200	112	108	97	53	115	460.35	824	97	0.136	-2.882	-5.91	3.41304089884931e-09	7.51914929635205e-07	0.4312	0.0607	0.3214	0.3214	TRUE	0.0436
LOC126356020	20	38	22	29	25	8	11	6	4	6	19	36	25	26	31	5	9	6	6	6	16.86	27	6	0.264	-1.921	-5.412	6.23132268410389e-08	8.73773515003236e-06	0	0.335	0.0818	0.0818	TRUE	0.1057
LOC126356041	30	80	19	25	41	15	17	10	5	5	29	75	21	22	51	10	14	10	7	5	24.46	40	9	0.294	-1.765	-4.376	1.20817870336318e-05	0.000565154551686224	0.1923	0.2466	0.2041	0.2041	TRUE	0.2206
LOC126356230	150	54	78	157	155	317	492	242	210	416	144	51	87	139	191	217	402	236	302	441	221.13	122	320	2.074	1.052	4.039	5.35998875052698e-05	0.00177268974197211	0.1559	0.072	0.1351	0.1351	TRUE	0.1816
LOC126356330	28	26	27	48	27	125	201	428	26	57	27	24	30	43	33	86	164	418	37	60	92.29	31	153	3.612	1.853	4.095	4.21756466987311e-05	0.00148091814462202	0.4455	0.1023	0.3532	0.3532	TRUE	0.6471
LOC126356345	84	90	96	28	18	2	20	0	4	4	81	85	107	25	22	1	16	0	6	4	34.77	64	5	0.122	-3.035	-4.677	2.9049338578912e-06	0.000195460549580965	0.8061	0.1884	0.5855	0.5855	TRUE	0.3146
LOC126356349	116	89	241	61	49	4	70	16	11	11	112	84	270	54	60	3	57	16	16	12	68.28	116	21	0.285	-1.813	-3.787	0.000152363219657113	0.00385040590071397	0.6402	0.1206	0.4895	0.4895	TRUE	1.53
LOC126356359	46	69	111	13	31	1	5	1	1	2	44	65	124	12	38	1	4	1	1	2	29.25	57	2	0.049	-4.349	-6.608	3.90573883695071e-11	1.44185099388945e-08	0.4759	0.2144	0.3996	0.3996	TRUE	0.1747
LOC126356361	3	6	4	10	5	0	1	0	1	0	3	6	4	9	6	0	1	0	1	0	3.03	6	0	0.286	-1.805	-3.415	0.000637953674474775	0.0111715503072448	0	1.6347	0.4481	0.4481	TRUE	0.2711
LOC126358175	98	116	94	40	11	9	31	6	13	1	94	109	105	36	14	6	25	6	19	1	41.48	72	11	0.258	-1.953	-3.818	0.000134801478396047	0.00348330505687798	0.6867	0.166	0.5298	0.5298	TRUE	0.1871
LOC126359007	51	53	129	20	116	10	4	1	0	2	49	50	144	18	143	7	3	1	0	2	41.75	81	3	0.051	-4.283	-6.649	2.95886810085197e-11	1.12264387193159e-08	0.609	0.1653	0.4547	0.4547	TRUE	0.1098
LOC126361083	10	32	19	10	48	3	2	5	3	2	10	30	21	9	59	2	2	5	4	2	14.41	26	3	0.151	-2.732	-4.569	4.90409100263889e-06	0.000293793767565985	0.3812	0.3835	0.3817	0.3817	TRUE	0.262
LOC126362339	76	225	79	82	83	25	39	8	8	19	73	211	88	73	102	17	32	8	11	20	63.68	109	18	0.178	-2.49	-6.108	1.00967994498996e-09	2.7731557937238e-07	0.2098	0.1257	0.1882	0.1882	TRUE	1.4392
LOC126365722	3	1	2	1	4	2	40	314	103	3	3	1	2	1	5	1	33	306	148	3	50.35	2	98	12.189	3.608	4.263	2.01753452790991e-05	0.000812905726156976	1.6954	0.1456	1.2231	1.6954	TRUE	0.1984
LOC126365811	204	428	392	324	210	152	264	63	98	72	196	402	439	288	259	104	216	61	141	76	218.29	317	120	0.482	-1.054	-3.987	6.6892982795965e-05	0.00209082666363864	0.1663	0.0722	0.1431	0.1431	TRUE	0.3113
LOC126365834	30	0	3	1	6	306	88	347	313	232	29	0	3	1	7	210	72	339	450	246	135.61	8	263	16.243	4.022	4.983	6.25765520853214e-07	5.81451105396874e-05	1.1537	0.0857	0.7029	1.1537	TRUE	0.6656
LOC126365952	71	86	1	59	61	1	1	0	0	1	68	81	1	52	75	1	1	0	0	1	28.05	55	1	0.026	-5.246	-5.954	2.61999165666805e-09	6.27832737516295e-07	0	0.2215	0.6685	0.6685	TRUE	0.3894
