Id	SPICE_S_Iso_SRR11815240	SPICE_S_Iso_SRR11815251	SPICE_S_Iso_SRR11815261	SPICE_S_Iso_SRR11815273	SPICE_S_Iso_SRR11815274	SPICE_G_Crd_SRR11815268	SPICE_G_Crd_SRR11815269	SPICE_G_Crd_SRR11815270	SPICE_G_Crd_SRR11815271	SPICE_G_Crd_SRR11815272	norm.SPICE_S_Iso_SRR11815240	norm.SPICE_S_Iso_SRR11815251	norm.SPICE_S_Iso_SRR11815261	norm.SPICE_S_Iso_SRR11815273	norm.SPICE_S_Iso_SRR11815274	norm.SPICE_G_Crd_SRR11815268	norm.SPICE_G_Crd_SRR11815269	norm.SPICE_G_Crd_SRR11815270	norm.SPICE_G_Crd_SRR11815271	norm.SPICE_G_Crd_SRR11815272	baseMean	Isolated	Crowded	FoldChange	log2FoldChange	stat	pvalue	padj	dispGeneEst	dispFit	dispMAP	dispersion	betaConv	maxCooks
LOC126266629	198	336	344	128	233	413	526	650	753	282	213	365	237	97	201	494	545	554	539	632	387.57	223	553	2.045	1.032	4.278	1.88171433910581e-05	0.00198932487787343	0.1014	0.1487	0.1104	0.1104	TRUE	0.981
LOC126266765	1	4	2	6	4	74	58	65	8	51	1	4	1	5	3	89	60	55	6	114	33.88	3	65	16.573	4.051	6.208	5.37967013756574e-10	2.92186255117566e-07	0.5435	0.243	0.4571	0.4571	TRUE	0.0916
LOC126266827	52	14	48	57	33	109	107	241	67	27	56	15	33	43	28	130	111	205	48	60	73.07	35	111	2.113	1.079	3.643	0.000269175254298826	0.0131497456359989	0.2468	0.1875	0.2327	0.2327	TRUE	0.186
LOC126266892	2	4	4	5	1	17	8	36	20	4	2	4	3	4	1	20	8	31	14	9	9.65	3	16	4.348	2.12	4.236	2.27285339611923e-05	0.0023300191027489	0.1733	0.5025	0.2616	0.2616	TRUE	0.1791
LOC126267090	28	2	75	6	70	0	0	0	0	0	30	2	52	5	60	0	0	0	0	0	14.88	30	0	0.017	-5.89	-5.497	3.85907724773269e-08	1.33900085426458e-05	1.6929	0.3749	1.0388	1.0388	TRUE	0.0322
LOC126267269	152	100	168	143	156	203	131	403	433	580	163	108	116	108	134	243	136	343	310	1299	296.09	126	466	2.287	1.194	3.615	0.000299799242895676	0.013941179913623	0.3781	0.1515	0.3212	0.3212	TRUE	2.2147
LOC126267280	395	680	798	673	407	827	961	1682	1359	1077	424	738	551	508	350	990	996	1432	973	2412	937.49	514	1361	2.158	1.109	4.325	1.52421845008367e-05	0.00170460529475473	0.1205	0.1434	0.1249	0.1249	TRUE	0.9633
LOC126267292	389	384	392	547	278	430	689	1078	1088	906	418	417	271	413	239	515	714	918	779	2029	671.23	352	991	2.144	1.1	3.982	6.83846328624358e-05	0.00525784574940046	0.1732	0.1449	0.1672	0.1672	TRUE	1.1824
LOC126267358	0	1	39	20	4	36	33	111	243	53	0	1	27	15	3	43	34	95	174	119	51.1	9	93	5.246	2.391	3.979	6.93181064737784e-05	0.005269733802265	1.1039	0.2081	0.7683	0.7683	TRUE	0.4006
LOC126267420	25	13	26	5	13	24	38	66	48	108	27	14	18	4	11	29	39	56	34	242	47.44	15	80	2.961	1.566	3.677	0.000236296820264823	0.0122983406608599	0.5851	0.2134	0.4859	0.4859	TRUE	4.7625
LOC126267457	3	2	0	2	2	9	7	27	3	16	3	2	0	2	2	11	7	23	2	36	8.76	2	16	3.9	1.964	3.684	0.000229226210124748	0.0121642708839533	0.6418	0.5391	0.6114	0.6114	TRUE	0.1135
LOC126267478	1179	3273	2206	3525	1378	1703	7712	6390	20273	2055	1266	3551	1523	2662	1186	2039	7997	5441	14508	4602	4477.58	2038	6917	2.136	1.095	3.571	0.000355459485989488	0.015617135598733	0.3634	0.1404	0.2926	0.2926	TRUE	0.2802
LOC126267514	18	94	24	13	88	150	209	341	443	61	19	102	17	10	76	180	217	290	317	137	136.38	45	228	3.53	1.82	4.049	5.13292771100665e-05	0.00418426372200855	0.481	0.1653	0.395	0.395	TRUE	0.5305
LOC126267547	33	19	71	165	157	71	69	151	363	893	35	21	49	125	135	85	72	129	260	2000	290.97	73	509	2.326	1.218	3.282	0.00103023934632935	0.0339201918115056	1.1608	0.1517	0.866	0.866	TRUE	7.8763
LOC126267550	315	2891	2739	869	1209	2166	5634	4771	5595	5533	338	3136	1891	656	1041	2593	5842	4063	4004	12392	3595.62	1412	5779	2.319	1.214	3.532	0.00041280798646593	0.0172944819593095	0.5412	0.1406	0.3973	0.3973	TRUE	0.8035
LOC126267730	0	2	2	2	9	100	67	111	17	39	0	2	1	2	8	120	69	95	12	87	39.6	3	77	22.337	4.481	6.664	2.65608570275462e-11	1.89169219629871e-08	0.6055	0.228	0.4675	0.4675	TRUE	0.6691
LOC126267772	22	23	2	3	25	0	0	0	0	0	24	25	1	2	22	0	0	0	0	0	7.37	15	0	0.039	-4.692	-4.637	3.53427528942937e-06	0.000525558386995145	1.5045	0.6143	1.0921	1.0921	TRUE	0.0357
LOC126267876	130	334	349	331	344	420	1508	697	1138	551	140	362	241	250	296	503	1564	594	814	1234	599.75	258	942	3.179	1.668	5.074	3.88667477723469e-07	8.65234555994165e-05	0.1603	0.1455	0.1604	0.1604	TRUE	0.1136
LOC126267924	9	0	29	23	19	0	0	0	0	0	10	0	20	17	16	0	0	0	0	0	6.34	13	0	0.049	-4.348	-4.442	8.93038723738925e-06	0.00111894444533659	1.9325	0.6916	1.13	1.13	TRUE	0.1726
LOC126268014	4	3	6	9	15	10	12	31	50	41	4	3	4	7	13	12	12	26	36	92	20.98	6	36	3.301	1.723	3.819	0.000134247076945696	0.00861581959156846	0.4505	0.3065	0.4132	0.4132	TRUE	0.5939
LOC126268046	3	2	7	4	2	322	248	1	1	0	3	2	5	3	2	386	257	1	1	0	65.92	3	129	2.981	1.576	3.399	0.00067611229815571	0.024827108251326	2.905	0.1927	1.9537	2.905	TRUE	0.0989
LOC126268096	10	9	22	13	15	28	28	58	91	6	11	10	15	10	13	34	29	49	65	13	24.89	12	38	2.495	1.319	4.071	4.68504273983867e-05	0.00388944775187098	0.13	0.2803	0.1654	0.1654	TRUE	0.0994
LOC126268116	22	49	32	21	23	53	52	111	123	42	24	53	22	16	20	63	54	95	88	94	52.85	27	79	2.356	1.236	4.28	1.86734299157457e-05	0.00198932487787343	0.1159	0.2059	0.1363	0.1363	TRUE	0.8825
LOC126268220	43	75	86	39	63	83	109	171	157	129	46	81	59	29	54	99	113	146	112	289	102.99	54	152	2.111	1.078	3.943	8.05974388504744e-05	0.00595980624330393	0.1523	0.1736	0.1569	0.1569	TRUE	1.6496
LOC126268224	24	23	21	37	18	130	109	170	311	414	26	25	14	28	15	156	113	145	223	927	167.19	22	313	12.005	3.586	6.705	2.01953652638483e-11	1.60755107500233e-08	0.4459	0.1606	0.3723	0.3723	TRUE	3.879
LOC126268660	0	2	3	1	1	73	64	4	1	0	0	2	2	1	1	87	66	3	1	0	16.37	1	31	5.232	2.387	3.696	0.000219023064704228	0.0117786410133828	2.2846	0.3534	1.5844	1.5844	TRUE	0.0725
LOC126268959	249	249	241	322	213	368	351	735	670	369	267	270	166	243	183	441	364	626	479	826	386.68	226	547	2.077	1.054	4.687	2.77688362259856e-06	0.000436939409081438	0.0747	0.1487	0.0856	0.0856	TRUE	0.2345
LOC126271867	18	16	33	21	32	402	349	303	534	242	19	17	23	16	28	481	362	258	382	542	212.82	21	405	18.73	4.227	14.981	9.74804199792836e-51	1.31910504315967e-46	0.0572	0.1561	0.0756	0.0756	TRUE	0.0602
LOC126271905	102	104	250	308	154	15	11	54	20	20	110	113	173	233	133	18	11	46	14	45	89.46	152	27	0.193	-2.372	-5.834	5.39620190128232e-09	2.21276982206522e-06	0.2087	0.1788	0.201	0.201	TRUE	0.4081
LOC126271906	155	171	355	453	362	114	87	123	112	9	166	186	245	342	312	136	90	105	80	20	168.26	250	86	0.486	-1.042	-3.754	0.000174040927634056	0.0101078190246526	0.1989	0.1604	0.189	0.189	TRUE	0.251
LOC126272019	36	46	86	46	67	18	20	11	15	7	39	50	59	35	58	22	21	9	11	16	31.84	48	16	0.375	-1.415	-4.78	1.74985372926861e-06	0.000311566061374511	0.0523	0.2496	0.0981	0.0981	TRUE	0.1354
LOC126272107	73	29	48	54	70	12	4	22	12	8	78	31	33	41	60	14	4	19	9	18	30.78	49	13	0.322	-1.634	-4.396	1.10303115762899e-05	0.00133175702146875	0.1624	0.2534	0.1861	0.1861	TRUE	0.1761
LOC126272273	6	48	17	61	27	32	112	920	308	169	6	52	12	46	23	38	116	783	220	378	167.63	28	307	8.107	3.019	4.829	1.37022282624933e-06	0.000253998017600081	0.7748	0.1605	0.5993	0.5993	TRUE	0.2288
LOC126272289	43	88	92	62	97	137	127	207	195	249	46	95	64	47	84	164	132	176	140	558	150.47	67	234	2.547	1.349	4.023	5.7367111715837e-05	0.00459344234164915	0.2494	0.1629	0.2293	0.2293	TRUE	6.0016
LOC126272296	158	188	529	466	610	111	142	52	122	6	170	204	365	352	525	133	147	44	87	13	204.11	323	85	0.428	-1.223	-3.628	0.00028541901061365	0.0135683518218562	0.3929	0.1568	0.3276	0.3276	TRUE	0.2064
LOC126272427	1	0	0	1	1	6	10	10	20	14	1	0	0	1	1	7	10	9	14	31	7.44	1	14	14.687	3.876	4.696	2.65798898446264e-06	0.000433348276358415	0	0.6099	0.348	0.348	TRUE	0.5183
LOC126272460	2	0	1	1	1	9	4	3	12	8	2	0	1	1	1	11	4	3	9	18	4.84	1	9	3.343	1.741	3.539	0.000402215389296065	0.0170620020312049	0	0.8623	0.4496	0.4496	TRUE	0.1146
LOC126272525	17	21	28	32	23	46	47	93	92	149	18	23	19	24	20	55	49	79	66	334	68.69	21	117	4.398	2.137	4.589	4.46033723834163e-06	0.000642098760736585	0.361	0.1906	0.3196	0.3196	TRUE	6.3258
LOC126272571	115	31	49	51	39	314	145	406	603	202	123	34	34	39	34	376	150	346	432	452	201.9	53	351	5.986	2.582	6.12	9.35557073264685e-10	4.36550286738542e-07	0.2551	0.157	0.2313	0.2313	TRUE	1.9814
LOC126272572	5333	1606	2798	2108	435	13739	11302	24392	12881	979	5727	1742	1932	1592	375	16449	11719	20771	9218	2193	7171.67	2274	12070	3.112	1.638	3.763	0.000167591909670506	0.0100347509808021	0.5684	0.1401	0.4917	0.4917	TRUE	0.3132
LOC126272573	792	442	1270	987	621	213	140	449	405	30	850	480	877	745	535	255	145	382	290	67	462.63	697	228	0.445	-1.167	-3.93	8.5000393130878e-05	0.0061488903625963	0.2131	0.1472	0.1976	0.1976	TRUE	0.3221
LOC126272684	7	5	41	22	13	17	16	79	491	38	8	5	28	17	11	20	17	67	351	85	60.98	14	108	4.222	2.078	3.868	0.000109669641313695	0.00749519993059051	0.845	0.197	0.6663	0.6663	TRUE	1.2616
LOC126272693	376	706	313	404	634	1016	2105	1617	2652	5164	404	766	216	305	546	1216	2183	1377	1898	11565	2047.6	447	3648	6.454	2.69	4.905	9.34681128762316e-07	0.000180687214777309	0.5737	0.1414	0.4564	0.4564	TRUE	7.1947
LOC126272826	8	1	1	7	8	7	12	49	29	20	9	1	1	5	7	8	12	42	21	45	15.06	5	26	2.948	1.56	3.63	0.000283464762661197	0.0135683518218562	0.4853	0.372	0.4504	0.4504	TRUE	0.0609
LOC126272873	326	34	283	216	119	17	37	11	57	13	350	37	195	163	102	20	38	9	41	29	98.59	169	27	0.203	-2.302	-4.705	2.53304436538541e-06	0.000421652482843078	0.4085	0.1751	0.348	0.348	TRUE	0.1541
LOC126272901	77	41	82	107	81	158	107	211	366	166	83	44	57	81	70	189	111	180	262	372	144.78	67	223	2.883	1.528	5.075	3.87179549183408e-07	8.65234555994165e-05	0.1213	0.1638	0.1299	0.1299	TRUE	0.1698
LOC126273222	323	223	533	469	282	544	909	2329	2198	662	347	242	368	354	243	651	943	1983	1573	1483	818.64	311	1327	4.004	2.001	6.651	2.90351483465432e-11	1.96451813712711e-08	0.1109	0.1439	0.1171	0.1171	TRUE	0.0692
LOC126273368	21	30	4	33	52	0	0	6	8	0	23	33	3	25	45	0	0	5	6	0	13.84	26	2	0.258	-1.953	-3.64	0.00027218457353472	0.0132186021712796	1.0991	0.3926	0.7862	0.7862	TRUE	0.2423
LOC126275742	59	35	81	40	40	15	15	4	16	3	63	38	56	30	34	18	16	3	11	7	27.7	44	11	0.308	-1.697	-4.533	5.81580604961985e-06	0.000809342639875542	0.1347	0.266	0.1722	0.1722	TRUE	0.239
LOC126277894	11	28	28	22	28	24	8	157	304	105	12	30	19	17	24	29	8	134	218	235	72.57	20	125	3.39	1.761	3.767	0.000165513104320119	0.00999876485562436	0.6844	0.1879	0.5486	0.5486	TRUE	0.0392
LOC126277895	65	27	81	73	11	5	3	9	15	4	70	29	56	55	9	6	3	8	11	9	25.61	44	7	0.211	-2.246	-4.583	4.58464404233191e-06	0.000653046349271951	0.3026	0.2763	0.2959	0.2959	TRUE	0.1135
LOC126277896	209	69	377	286	36	29	37	25	27	22	224	75	260	216	31	35	38	21	19	49	96.95	161	32	0.26	-1.942	-4.352	1.34846033403187e-05	0.00155960386667686	0.3714	0.1757	0.3225	0.3225	TRUE	0.0777
LOC126277930	4	11	9	12	5	53	37	28	46	7	4	12	6	9	4	63	38	24	33	16	21.01	7	35	4.131	2.047	4.818	1.45167695794194e-06	0.000265460710741491	0.1567	0.3063	0.196	0.196	TRUE	0.2023
LOC126278127	113	113	90	115	125	146	468	123	237	481	121	123	62	87	108	175	485	105	170	1077	251.22	100	402	2.294	1.198	3.531	0.000414544000669785	0.0173136093119245	0.4605	0.1536	0.381	0.381	TRUE	0.5282
LOC126278132	263	196	246	388	375	145	73	85	164	32	282	213	170	293	323	174	76	72	117	72	179.15	256	102	0.495	-1.015	-4.154	3.27356093624691e-05	0.00301345759110838	0.1029	0.1592	0.114	0.114	TRUE	0.5284
LOC126278162	131	51	30	24	104	241	484	2164	2727	1477	141	55	21	18	90	289	502	1843	1952	3308	821.7	65	1579	19.143	4.259	6.804	1.01583048269852e-11	9.16414539458427e-09	0.7007	0.1439	0.5435	0.5435	TRUE	0.0945
LOC126278295	5	2	2	5	3	15	21	15	34	10	5	2	1	4	3	18	22	13	24	22	11.45	3	20	5.67	2.503	5.327	9.9756900618873e-08	2.87214974292466e-05	0	0.4453	0.1398	0.1398	TRUE	0.264
LOC126278346	163	183	277	180	229	229	269	475	578	582	175	199	191	136	197	274	279	404	414	1303	357.26	180	535	2.039	1.028	3.653	0.000259663277525874	0.0128239542754749	0.2391	0.1494	0.2185	0.2185	TRUE	3.5799
LOC126278367	2	2	3	3	4	0	4	277	317	41	2	2	2	2	3	0	4	236	227	92	57.08	2	112	25.129	4.651	5.159	2.486467442232e-07	6.2309032274599e-05	1.7121	0.201	1.192	1.192	TRUE	0.0278
LOC126278520	87	144	112	170	84	286	548	851	945	1049	93	156	77	128	72	342	568	725	676	2349	518.86	105	932	7.753	2.955	6.478	9.27013486033647e-11	5.95286556973862e-08	0.3202	0.1464	0.2776	0.2776	TRUE	1.4081
LOC126278583	0	2	1	2	0	29	37	20	74	22	0	2	1	2	0	35	38	17	53	49	19.67	1	38	32.55	5.025	7.069	1.56366830910457e-12	1.76329662990026e-09	0	0.3176	0.2007	0.2007	TRUE	0.1676
LOC126278591	0	0	5	0	0	1	50	22	4	19	0	0	3	0	0	1	52	19	3	43	12.06	1	24	6.523	2.705	3.809	0.000139809327692527	0.00878950823355856	2.2901	0.4298	1.4105	1.4105	TRUE	0.381
LOC126278625	36	65	63	52	57	19	24	15	24	8	39	71	43	39	49	23	25	13	17	18	33.65	48	19	0.485	-1.045	-4.245	2.18510843700628e-05	0.00225716697477626	0.0374	0.2437	0.0808	0.0808	TRUE	0.5167
LOC126279121	28	16	40	49	36	7	6	16	15	3	30	17	28	37	31	8	6	14	11	7	18.87	29	9	0.423	-1.241	-4.183	2.87717796687463e-05	0.00275361194793827	0	0.3251	0.1021	0.1021	TRUE	0.2518
LOC126281222	117	78	46	296	349	35	26	28	80	22	126	85	32	224	300	42	27	24	57	49	96.53	153	40	0.416	-1.267	-3.666	0.000246855361004323	0.0125419489781365	0.3687	0.1759	0.3212	0.3212	TRUE	0.0964
LOC126281273	71	62	80	49	118	85	89	243	219	270	76	67	55	37	102	102	92	207	157	605	149.97	67	233	2.022	1.016	3.438	0.000585972210978341	0.0226268711961203	0.3615	0.163	0.3123	0.3123	TRUE	1.5094
LOC126281482	0	4	1	10	1	2	43	34	9	43	0	4	1	8	1	2	45	29	6	96	19.21	3	36	4.665	2.222	3.73	0.000191406596287294	0.0107473612487953	1.351	0.3218	1.0042	1.0042	TRUE	0.2162
LOC126281584	7	5	22	19	12	46	43	10	61	22	8	5	15	14	10	55	45	9	44	49	25.39	10	40	2.426	1.278	3.734	0.000188319186595439	0.0107000608112656	0.2455	0.2775	0.2534	0.2534	TRUE	1.2658
LOC126281697	623	469	983	1191	1259	322	223	358	548	83	669	509	679	900	1084	386	231	305	392	186	533.95	768	300	0.461	-1.119	-4.67	3.01594600161305e-06	0.000461381812837682	0.0866	0.1462	0.0981	0.0981	TRUE	0.1406
LOC126281715	64	115	56	47	32	189	223	206	216	67	69	125	39	35	28	226	231	175	155	150	123.27	59	187	2.447	1.291	4.128	3.66705585472032e-05	0.00325838230595665	0.1936	0.168	0.1876	0.1876	TRUE	1.1505
LOC126281721	1	10	38	0	18	0	0	0	0	0	1	11	26	0	15	0	0	0	0	0	5.37	11	0	0.227	-2.136	-3.604	0.000312958237000134	0.0143590229718808	3.6839	0.792	1.982	1.982	TRUE	0.0829
LOC126281794	1	0	4	2	1	1	0	19	4	51	1	0	3	2	1	1	0	16	3	114	14.07	1	27	2.646	1.404	3.301	0.000963297521295565	0.0320278674647951	2.4652	0.3885	1.7344	1.7344	TRUE	3.1395
LOC126281797	263	18	466	485	60	38	16	34	26	12	282	20	322	366	52	45	17	29	19	27	117.81	208	27	0.179	-2.484	-4.456	8.35182539356765e-06	0.00106619718137507	0.6195	0.1694	0.4975	0.4975	TRUE	0.0476
LOC126281802	2	2	2	0	3	15	31	0	12	6	2	2	1	0	3	18	32	0	9	13	8.04	2	14	2.225	1.154	3.199	0.0013784985600449	0.0414529833656169	1.0025	0.5749	0.8513	0.8513	TRUE	0.1175
LOC126281827	69	216	514	529	228	704	433	3752	2259	475	74	234	355	400	196	843	449	3195	1617	1064	842.64	252	1434	4.588	2.198	4.668	3.03450941047544e-06	0.000461381812837682	0.4093	0.1438	0.3446	0.3446	TRUE	0.3252
LOC126281860	385	30	681	1071	26	42	7	9	11	8	413	33	470	809	22	50	7	8	8	18	183.83	349	18	0.078	-3.689	-5.01	5.44771585627882e-07	0.000113413063026408	1.1246	0.1587	0.8398	0.8398	TRUE	0.1462
LOC126281866	1	0	0	4	1	11	7	7	5	16	1	0	0	3	1	13	7	6	4	36	7.08	1	13	4.297	2.103	3.68	0.000233470303305386	0.0122930744915505	0.714	0.6343	0.687	0.687	TRUE	0.65
LOC126282005	106	56	119	86	87	402	232	537	537	277	114	61	82	65	75	481	241	457	384	620	258.04	79	437	5.251	2.392	8.427	3.54739741976561e-17	5.33370909825203e-14	0.0823	0.1532	0.0953	0.0953	TRUE	0.0918
LOC126282035	646	611	773	1186	616	1049	3773	2371	2476	651	694	663	534	896	530	1256	3912	2019	1772	1458	1373.33	663	2083	2.717	1.442	5.001	5.69383724436175e-07	0.000116740917561672	0.127	0.1422	0.13	0.13	TRUE	0.9138
LOC126282076	8	6	6	19	11	24	20	39	25	30	9	7	4	14	9	29	21	33	18	67	21.08	9	34	2.641	1.401	3.925	8.6577383601531e-05	0.00619875743331173	0.1882	0.3057	0.2167	0.2167	TRUE	0.5666
LOC126282131	0	0	0	0	0	0	1	84	135	4	0	0	0	0	0	0	1	72	97	9	17.81	0	36	2.087	1.062	3.34	0.000837598461783804	0.0290625189355344	5.5122	0.3361	2.263	5.5122	TRUE	0.0694
LOC126282159	22	22	43	60	38	41	62	96	114	66	24	24	30	45	33	49	64	82	82	148	57.97	31	85	2.121	1.085	4.125	3.70817968605768e-05	0.00325838230595665	0.1007	0.2	0.1217	0.1217	TRUE	0.4639
LOC126282243	118	33	146	128	71	284	101	187	233	581	127	36	101	97	61	340	105	159	167	1301	249.3	84	414	2.638	1.4	3.584	0.000338864241275738	0.0151336993826511	0.609	0.1537	0.4855	0.4855	TRUE	2.2601
LOC126282249	565	199	305	341	356	3487	2796	4969	7408	7704	607	216	211	258	306	4175	2899	4231	5301	17254	3545.8	320	6772	18.542	4.213	8.751	2.12073028831958e-18	3.58721528269257e-15	0.3573	0.1406	0.3031	0.3031	TRUE	2.1798
LOC126282250	232	68	147	145	118	1298	1149	2145	2960	2609	249	74	101	110	102	1554	1191	1827	2118	5843	1316.89	127	2507	17.485	4.128	9.026	1.78022404364159e-19	4.81799835171159e-16	0.3103	0.1423	0.2692	0.2692	TRUE	1.3547
LOC126282251	0	0	0	0	0	6	10	4	10	12	0	0	0	0	0	7	10	3	7	27	5.5	0	11	30.716	4.941	5.072	3.93837270484272e-07	8.65234555994165e-05	0.5323	0.7761	0.638	0.638	TRUE	0.5024
LOC126282253	3	1	18	12	11	19	23	25	37	65	3	1	12	9	9	23	24	21	26	146	27.52	7	48	3.708	1.891	3.832	0.000126878901339702	0.00825444852369641	0.6296	0.2668	0.526	0.526	TRUE	7.376
LOC126282270	605	238	609	598	396	166	74	231	207	44	650	258	420	452	341	199	77	197	148	99	283.97	424	144	0.412	-1.279	-4.531	5.86133451875577e-06	0.000809342639875542	0.1289	0.152	0.1363	0.1363	TRUE	0.2081
LOC126283958	16	26	43	32	53	0	1	0	1	7	17	28	30	24	46	0	1	0	1	16	16.23	29	4	0.215	-2.22	-3.796	0.000147268902112121	0.00914148065771203	1.1345	0.3553	0.7526	0.7526	TRUE	2.2485
LOC126283998	7	54	38	31	28	1	1	0	0	0	8	59	26	23	24	1	1	0	0	0	14.21	28	0	0.029	-5.097	-5.616	1.95113892433138e-08	7.33411442334786e-06	0	0.386	0.3878	0.3878	TRUE	0.2102
LOC126284240	8702	7512	13068	23186	17544	3413	3591	2625	7077	513	9345	8149	9021	17511	15104	4086	3724	2235	5065	1149	7538.93	11826	3252	0.329	-1.602	-4.69	2.73368852446007e-06	0.000436939409081438	0.1771	0.1401	0.1892	0.1892	TRUE	0.2044
LOC126284272	101	88	180	136	148	167	183	315	349	155	108	95	124	103	127	200	190	268	250	347	181.31	111	251	2.013	1.01	5.353	8.63861713231481e-08	2.63390677986829e-05	0.0311	0.159	0.0498	0.0498	TRUE	0.2259
LOC126284279	20	23	34	52	53	1	0	0	0	0	21	25	23	39	46	1	0	0	0	0	15.6	31	0	0.016	-5.93	-6.692	2.2078175507428e-11	1.6597881720362e-08	0	0.364	0.1791	0.1791	TRUE	0.3071
LOC126284306	17290	15421	27785	23977	13077	22627	24355	74655	67379	45083	18567	16730	19181	18109	11258	27090	25254	63572	48219	100969	34894.78	16769	53021	2.525	1.336	4.344	1.40210190952359e-05	0.00159439017140111	0.1907	0.1397	0.1756	0.1756	TRUE	0.2261
LOC126284314	5	3	1	2	18	62	475	15	307	9	5	3	1	2	15	74	493	13	220	20	84.57	5	164	19.53	4.288	5.277	1.31433804687209e-07	3.62971886740267e-05	1.3377	0.181	0.9768	0.9768	TRUE	0.2515
LOC126284315	8	34	7	5	15	77	327	9	522	11	9	37	5	4	13	92	339	8	374	25	90.41	14	168	6.93	2.793	4.156	3.24098380968199e-05	0.00300390362415183	1.1895	0.1784	0.893	0.893	TRUE	0.0869
LOC126284363	19	10	1	26	22	2	1	5	1	0	20	11	1	20	19	2	1	4	1	0	7.89	14	2	0.431	-1.215	-3.258	0.00112073742568601	0.0360039896453144	0.6835	0.5831	0.652	0.652	TRUE	0.378
LOC126284380	0	19	30	15	12	1	2	0	1	2	0	21	21	11	10	1	2	0	1	4	7.14	13	2	0.489	-1.031	-3.117	0.00182460665039547	0.0491844167194254	0.9086	0.6295	0.7995	0.7995	TRUE	0.1526
LOC126284397	14	9	19	8	23	31	19	51	69	31	15	10	13	6	20	37	20	43	49	69	28.28	13	44	2.594	1.375	4.159	3.20317047297611e-05	0.00299162122754424	0.137	0.2634	0.168	0.168	TRUE	0.0991
LOC126284402	21	23	52	39	15	0	0	7	6	1	23	25	36	29	13	0	0	6	4	2	13.83	25	2	0.139	-2.848	-4.941	7.76672784338555e-07	0.000156864718174169	0.1988	0.3928	0.2891	0.2891	TRUE	0.4156
LOC126284446	113	93	271	176	153	250	218	647	733	1233	121	101	187	133	132	299	226	551	525	2761	503.63	135	872	4.929	2.301	4.493	7.00670746681524e-06	0.000938760053870732	0.5287	0.1466	0.427	0.427	TRUE	3.4042
LOC126284447	14	12	22	36	25	6	14	132	128	163	15	13	15	27	22	7	15	112	92	365	68.27	18	118	2.612	1.385	3.429	0.000605603835053521	0.0229170848239786	0.8981	0.1909	0.7003	0.7003	TRUE	0.5502
LOC126284500	24	77	53	46	62	98	136	125	130	160	26	84	37	35	53	117	141	106	93	358	105.02	47	163	2.508	1.326	3.968	7.25358730552473e-05	0.00545308574546448	0.2506	0.173	0.2323	0.2323	TRUE	2.6227
LOC126284563	3	9	4	8	13	28	18	16	44	69	3	10	3	6	11	34	19	14	31	155	28.48	7	51	4.905	2.294	4.144	3.41368479073616e-05	0.00312121503974606	0.6032	0.2625	0.5133	0.5133	TRUE	2.6233
LOC126284606	63	7	165	130	17	6	7	2	8	5	68	8	114	98	15	7	7	2	6	11	33.5	61	7	0.15	-2.736	-4.48	7.47506078625874e-06	0.00099169139764366	0.646	0.2441	0.5352	0.5352	TRUE	0.0355
LOC126284693	0	0	0	0	0	0	2	19	10	2	0	0	0	0	0	0	2	16	7	4	2.99	0	6	3.062	1.614	3.407	0.000656203526910743	0.0242616014375852	2.2911	1.3107	1.7322	1.7322	TRUE	0.2111
LOC126284704	915	429	894	1068	812	108	52	237	329	21	983	465	617	807	699	129	54	202	235	47	423.83	714	133	0.213	-2.229	-5.436	5.46241054161132e-08	1.80286193778255e-05	0.2581	0.1479	0.2309	0.2309	TRUE	0.3375
LOC126284748	95	427	797	898	591	245	436	1846	1654	5035	102	463	550	678	509	293	452	1572	1184	11276	1708	460	2955	2.252	1.171	3.268	0.00108379479086015	0.0350859117462189	1.0833	0.1417	0.8076	0.8076	TRUE	4.7139
LOC126284811	1	2	13	17	3	57	79	17	26	4	1	2	9	13	3	68	82	14	19	9	21.98	6	38	3.167	1.663	3.61	0.000306041918005887	0.0141827371043002	0.741	0.2989	0.6119	0.6119	TRUE	0.091
LOC126284894	20	1	56	12	16	1	0	3	3	0	21	1	39	9	14	1	0	3	2	0	9	17	1	0.21	-2.249	-3.755	0.000173340975939373	0.0101078190246526	0.7928	0.5287	0.7021	0.7021	TRUE	0.1355
LOC126284905	13	12	40	46	21	5	4	6	5	6	14	13	28	35	18	6	4	5	4	13	13.97	22	6	0.413	-1.277	-3.726	0.000194215077529026	0.0108599935087718	0.13	0.3902	0.1966	0.1966	TRUE	0.1988
LOC126285197	9	5	23	15	7	0	2	0	0	0	10	5	16	11	6	0	2	0	0	0	5.04	10	0	0.11	-3.184	-4.137	3.52421793572942e-05	0.0032006521547846	0.128	0.8342	0.3867	0.3867	TRUE	0.6568
LOC126285284	0	0	1	0	0	0	0	20	39	6	0	0	1	0	0	0	0	17	28	13	5.91	0	12	3.078	1.622	3.424	0.000617568900414842	0.0231494248210904	4.3718	0.7322	2.1667	2.1667	TRUE	0.0754
LOC126285392	1	0	2	2	3	9	17	14	18	9	1	0	1	2	3	11	18	12	13	20	7.99	1	15	8.136	3.024	5.109	3.24288271232992e-07	7.75792410764264e-05	0	0.5776	0.1713	0.1713	TRUE	0.1595
LOC126290925	9	7	10	9	11	0	1	3	0	0	10	8	7	7	9	0	1	3	0	0	4.4	8	1	0.258	-1.956	-3.664	0.000248435173580374	0.0125419489781365	0	0.9347	0.2928	0.2928	TRUE	0.7947
LOC126291424	37	48	119	191	80	83	80	262	330	848	40	52	82	144	69	99	83	223	236	1899	292.79	77	508	3.005	1.588	3.571	0.000355113956270365	0.015617135598733	0.8968	0.1516	0.6848	0.6848	TRUE	7.7764
LOC126291604	119	83	365	365	242	197	186	749	930	1792	128	90	252	276	208	236	193	638	666	4013	669.93	191	1149	3.022	1.596	3.625	0.00028934364873761	0.0136425026296771	0.7926	0.1449	0.6098	0.6098	TRUE	3.4635
LOC126291853	2103	1057	715	2114	1207	308	378	576	954	188	2258	1147	494	1597	1039	369	392	490	683	421	888.93	1307	471	0.477	-1.068	-3.929	8.54264992734337e-05	0.0061488903625963	0.1624	0.1436	0.1668	0.1668	TRUE	0.1407
LOC126291886	2	2	8	17	8	18	62	35	50	143	2	2	6	13	7	22	64	30	36	320	50.13	6	94	11.044	3.465	5.071	3.96427301741341e-07	8.65234555994165e-05	0.8295	0.2095	0.6518	0.6518	TRUE	3.277
LOC126291905	1	0	0	2	0	10	0	1	79	2	1	0	0	2	0	12	0	1	57	4	7.64	1	15	2.207	1.142	3.185	0.00144668746611384	0.042763072408771	2.8971	0.5976	1.9073	1.9073	TRUE	1.3304
LOC126291927	6	9	14	20	5	3	1	0	3	0	6	10	10	15	4	4	1	0	2	0	5.21	9	1	0.435	-1.202	-3.295	0.000985391374533851	0.0325596694072811	0.1334	0.812	0.3609	0.3609	TRUE	0.2616
LOC126292013	256	675	1139	653	739	36	85	126	222	18	275	732	786	493	636	43	88	107	159	40	336.06	584	87	0.167	-2.583	-6.472	9.67802560850204e-11	5.95286556973862e-08	0.2228	0.1501	0.2054	0.2054	TRUE	0.3279
LOC126292048	55	56	94	58	88	0	1	1	4	2	59	61	65	44	76	0	1	1	3	4	31.35	61	2	0.033	-4.94	-8.838	9.75377078926369e-19	1.88554323314737e-15	0.0265	0.2513	0.0907	0.0907	TRUE	0.2595
LOC126292113	1	9	3	5	3	18	35	30	68	25	1	10	2	4	3	22	36	26	49	56	20.73	4	38	8.488	3.085	6.13	8.80532452280275e-10	4.25548755152024e-07	0.172	0.3085	0.2188	0.2188	TRUE	0.3565
LOC126292116	0	0	2	0	4	3	7	13	5	10	0	0	1	0	3	4	7	11	4	22	5.27	1	10	2.197	1.136	3.185	0.00144945796594558	0.042763072408771	0.6394	0.8036	0.706	0.706	TRUE	0.5787
LOC126293182	165	111	430	385	479	88	81	71	42	2	177	120	297	291	412	105	84	60	30	4	158.19	259	57	0.347	-1.528	-3.813	0.000137271788205327	0.00876208414148344	0.4779	0.1618	0.3808	0.3808	TRUE	0.1843
LOC126293283	11	9	11	21	13	25	54	57	65	54	12	10	8	16	11	30	56	49	47	121	35.81	11	61	4.69	2.23	5.598	2.16439135594852e-08	7.91582265640414e-06	0.1508	0.2374	0.1705	0.1705	TRUE	0.6387
LOC126293345	173	150	415	387	215	59	84	123	61	23	186	163	286	292	185	71	87	105	44	52	147	222	72	0.366	-1.452	-5.285	1.25833489891887e-07	3.54745580253544e-05	0.0887	0.1635	0.1041	0.1041	TRUE	0.1323
LOC126293387	6	9	2	8	4	5	73	14	169	18	6	10	1	6	3	6	76	12	121	40	28.19	5	51	6.163	2.624	4.262	2.02886357909035e-05	0.00212826216684113	0.7407	0.2638	0.6098	0.6098	TRUE	0.1135
LOC126293423	18	22	16	17	22	18	18	130	134	46	19	24	11	13	19	22	19	111	96	103	43.59	17	70	2.632	1.396	3.774	0.000160640795983111	0.00979185248307865	0.3433	0.22	0.3132	0.3132	TRUE	0.0527
LOC126293425	3	6	10	4	10	24	15	80	46	164	3	7	7	3	9	29	16	68	33	367	54.09	6	103	12.693	3.666	5.249	1.52849719560112e-07	4.05561255899496e-05	0.8501	0.2044	0.6718	0.6718	TRUE	3.059
LOC126293510	2917	513	5242	10161	4928	474	630	1160	2006	504	3132	557	3619	7674	4243	567	653	988	1436	1129	2399.74	3845	955	0.373	-1.424	-3.839	0.000123470460612504	0.0081502549902849	0.3925	0.1411	0.3285	0.3285	TRUE	0.1401
LOC126293537	10	22	6	25	20	12	110	53	107	17	11	24	4	19	17	14	114	45	77	38	36.31	15	58	2.135	1.094	3.43	0.000604505444419117	0.0229170848239786	0.3929	0.2361	0.3525	0.3525	TRUE	0.1389
LOC126293671	0	4	15	6	3	23	10	24	25	19	0	4	10	5	3	28	10	20	18	43	14.06	4	24	3.033	1.601	3.755	0.000173088418303048	0.0101078190246526	0.3324	0.3886	0.352	0.352	TRUE	0.4503
LOC126293721	4	4	0	1	7	4	2	35	24	38	4	4	0	1	6	5	2	30	17	85	15.44	3	28	2.284	1.192	3.221	0.00127666635640544	0.0393527315145295	1.3049	0.3664	1.0017	1.0017	TRUE	0.4628
LOC126293744	329	273	474	212	245	83	21	36	51	17	353	296	327	160	211	99	22	31	36	38	157.41	269	45	0.185	-2.436	-6.201	5.61398361887135e-10	2.92186255117566e-07	0.2028	0.1619	0.1928	0.1928	TRUE	0.6717
LOC126293753	9	3	8	9	1	19	7	57	30	45	10	3	6	7	1	23	7	49	21	101	22.69	5	40	4.822	2.27	4.1	4.1360499377205e-05	0.00356490622657541	0.5966	0.2939	0.5105	0.5105	TRUE	0.3002
LOC126294994	114	164	126	337	214	1892	4382	244	292	241	122	178	87	255	184	2265	4544	208	209	540	859.14	165	1553	6.408	2.68	4.394	1.11209387692853e-05	0.00133175702146875	0.8474	0.1437	0.647	0.647	TRUE	0.2415
LOC126295079	2	6	3	3	3	13	43	10	18	7	2	7	2	2	3	16	45	9	13	16	11.28	3	20	4.423	2.145	4.174	2.99904919331078e-05	0.0028379813764952	0.2796	0.4499	0.3211	0.3211	TRUE	1.5566
LOC126295330	47	68	90	76	49	162	135	180	183	31	50	74	62	57	42	194	140	153	131	69	97.36	57	137	2.036	1.026	4.426	9.6162275295715e-06	0.00118297082663783	0.0663	0.1756	0.088	0.088	TRUE	0.1714
LOC126298041	115	181	135	119	128	250	305	286	305	207	123	196	93	90	110	299	316	244	218	464	215.41	122	308	2.097	1.069	4.447	8.71229487001604e-06	0.00110182031944913	0.0891	0.1559	0.1015	0.1015	TRUE	0.5476
LOC126298650	61	492	406	124	208	532	1577	852	848	307	66	534	280	94	179	637	1635	726	607	688	544.43	231	859	2.25	1.17	3.57	0.00035695391434407	0.0156320400288154	0.4028	0.1461	0.3369	0.3369	TRUE	3.9218
LOC126299195	413	375	758	771	759	207	177	221	339	41	443	407	523	582	653	248	184	188	243	92	356.33	522	191	0.418	-1.259	-5.227	1.72092258214803e-07	4.47837007338984e-05	0.0728	0.1495	0.0875	0.0875	TRUE	0.3418
LOC126299207	4	5	15	11	15	0	0	0	2	0	4	5	10	8	13	0	0	0	1	0	4.27	8	0	0.151	-2.727	-3.903	9.5011207697081e-05	0.00676679822398369	0	0.9588	0.412	0.412	TRUE	0.4182
LOC126299329	41	21	50	32	37	13	8	6	15	0	44	23	35	24	32	16	8	5	11	0	19.71	32	8	0.351	-1.51	-4.208	2.57303126505446e-05	0.00256016610872918	0.079	0.3173	0.1643	0.1643	TRUE	0.4011
LOC126299386	53	190	356	54	229	39	46	39	46	7	57	206	246	41	197	47	48	33	33	16	92.29	149	35	0.336	-1.572	-4.016	5.92304933788846e-05	0.00471474727295922	0.3408	0.1776	0.2998	0.2998	TRUE	0.0555
LOC126301292	15	15	38	18	79	18	32	59	280	813	16	16	26	14	68	22	33	50	200	1821	226.64	28	425	3.103	1.633	3.416	0.00063501865275259	0.0235426641343782	1.5641	0.1551	1.1435	1.5641	TRUE	6.8512
LOC126301646	0	0	0	1	0	3	1	3	4	11	0	0	0	1	0	4	1	3	3	25	3.54	0	7	3.171	1.665	3.417	0.000632684710080104	0.0235205755406703	1.2866	1.1273	1.2273	1.2273	TRUE	2.7109
LOC126305061	366	394	614	424	509	2	0	1	1	2	393	427	424	320	438	2	0	1	1	4	201.12	400	2	0.004	-7.986	-13.393	6.68183869421451e-41	4.52093206050554e-37	0.0139	0.1571	0.0474	0.0474	TRUE	0.2108
LOC126311353	0	0	0	1	0	12	18	39	25	4	0	0	0	1	0	14	19	33	18	9	9.38	0	19	44.973	5.491	6.029	1.65339167620005e-09	7.4578987207797e-07	0	0.5126	0.2823	0.2823	TRUE	0.2039
LOC126313189	24	10	33	19	24	90	13	19	23	306	26	11	23	14	21	108	13	16	16	685	93.36	19	168	2.88	1.526	3.429	0.00060470925735048	0.0229170848239786	1.3074	0.1771	0.9825	0.9825	TRUE	3.6134
LOC126317678	1	1	2	7	1	4	0	21	37	50	1	1	1	5	1	5	0	18	26	112	17.08	2	32	4.517	2.175	3.662	0.000250394556646897	0.0125419489781365	1.6102	0.3445	1.1946	1.1946	TRUE	0.885
LOC126320530	5	7	35	44	39	3	4	3	9	2	5	8	24	33	34	4	4	3	6	4	12.51	21	4	0.386	-1.373	-3.556	0.000376206594630609	0.0162646250432633	0.3252	0.4193	0.3484	0.3484	TRUE	0.0453
LOC126323134	3	2	27	9	5	29	75	32	45	72	3	2	19	7	4	35	78	27	32	161	36.83	7	67	6.924	2.792	4.774	1.810338829898e-06	0.000314070577515124	0.5583	0.2347	0.4663	0.4663	TRUE	0.5369
LOC126323151	24	88	102	158	69	172	385	165	244	177	26	95	70	119	59	206	399	141	175	396	168.71	74	263	2.703	1.435	4.183	2.88188086855279e-05	0.00275361194793827	0.2386	0.1604	0.2201	0.2201	TRUE	0.0744
LOC126323183	1	1	9	26	3	38	52	17	12	31	1	1	6	20	3	45	54	14	9	69	22.25	6	38	2.201	1.138	3.257	0.00112545725834821	0.0360039896453144	0.8445	0.297	0.6798	0.6798	TRUE	0.3427
LOC126328249	500	627	968	661	647	702	957	1897	1708	1406	537	680	668	499	557	840	992	1615	1222	3149	1076.1	588	1564	2.054	1.039	3.979	6.90796753146737e-05	0.005269733802265	0.1512	0.1429	0.1494	0.1494	TRUE	0.7731
LOC126331994	4	2	4	12	0	11	48	28	34	44	4	2	3	9	0	13	50	24	24	99	22.79	4	42	8.055	3.01	4.751	2.02564882208556e-06	0.000346975694436225	0.6238	0.2932	0.5105	0.5105	TRUE	0.3334
LOC126332098	1512	913	188	1137	569	594	13060	1122	6359	1242	1624	990	130	859	490	711	13542	955	4551	2782	2663.34	819	4508	2.18	1.124	3.276	0.00105382346993543	0.0344612926153927	0.9211	0.141	0.6777	0.6777	TRUE	0.6727
LOC126332220	116	77	69	376	78	136	1872	442	580	149	125	84	48	284	67	163	1941	376	415	334	383.59	122	646	2.939	1.555	3.675	0.000237592086833667	0.0123183759349931	0.6502	0.1488	0.5126	0.5126	TRUE	3.0998
LOC126332261	274	149	118	510	111	296	3628	1035	1056	404	294	162	81	385	96	354	3762	881	756	905	767.62	204	1332	4.842	2.276	4.39	1.13599426790266e-05	0.00134844512572446	0.5704	0.1442	0.455	0.455	TRUE	1.9463
LOC126332302	229	89	15	124	51	198	2420	73	494	286	246	97	10	94	44	237	2509	62	354	641	429.29	98	761	2.978	1.575	3.494	0.000475063760561548	0.0192471940356852	1.1488	0.1478	0.8545	0.8545	TRUE	1.2045
LOC126332318	53	25	2	45	8	71	691	15	151	104	57	27	1	34	7	85	716	13	108	233	128.15	25	231	3.32	1.731	3.544	0.000393930646067688	0.0167631116433584	1.2982	0.167	0.9575	0.9575	TRUE	0.6508
LOC126334545	442	314	430	344	1152	1046	770	1181	1968	1201	475	341	297	260	992	1252	798	1006	1408	2690	951.83	473	1431	2.038	1.027	3.619	0.000296006664842696	0.0138600767773404	0.2598	0.1433	0.2326	0.2326	TRUE	1.0505
LOC126334760	187	149	287	388	192	71	60	97	114	3	201	162	198	293	165	85	62	83	82	7	133.7	204	64	0.462	-1.115	-3.72	0.000198992589217256	0.0110359332675734	0.256	0.1658	0.2277	0.2277	TRUE	1.5192
LOC126334876	11560	4160	2807	1364	949	409	1191	359	1930	134	12414	4513	1938	1030	817	490	1235	306	1381	300	2442.32	4142	742	0.385	-1.377	-3.482	0.000497913504543239	0.0201127329656093	0.793	0.1411	0.6083	0.6083	TRUE	0.6638
LOC126334877	4828	1886	1239	1342	445	107	158	94	165	42	5185	2046	855	1014	383	128	164	80	118	94	1006.67	1897	117	0.074	-3.762	-6.996	2.64268367134118e-12	2.75083041850684e-09	0.4799	0.1431	0.3912	0.3912	TRUE	0.4797
LOC126334992	190	65	125	174	93	37	21	29	22	11	204	71	86	131	80	44	22	25	16	25	70.35	114	26	0.257	-1.962	-5.351	8.75892736432702e-08	2.63390677986829e-05	0.1582	0.1894	0.165	0.165	TRUE	0.3456
LOC126335147	177	262	361	328	331	548	651	525	452	929	190	284	249	248	285	656	675	447	323	2081	543.84	251	836	2.309	1.207	3.81	0.000139168404137855	0.00878950823355856	0.2766	0.1461	0.2458	0.2458	TRUE	1.6331
LOC126335148	75	115	406	405	294	722	339	1313	1334	1249	81	125	280	306	253	864	352	1118	955	2797	713.05	209	1217	4.817	2.268	4.862	1.16345397656832e-06	0.000218664711262814	0.4021	0.1446	0.3252	0.3252	TRUE	0.5056
LOC126335161	2	2	3	0	3	7	9	18	16	2	2	2	2	0	3	8	9	15	11	4	5.79	2	9	3.123	1.643	3.691	0.00022326646730266	0.0119416673341486	0	0.7437	0.2622	0.2622	TRUE	0.2108
LOC126335165	19	10	8	12	27	56	52	52	93	4	20	11	6	9	23	67	54	44	67	9	30.98	14	48	2.07	1.05	3.451	0.000558154595423117	0.0218926028558424	0.3091	0.2526	0.2934	0.2934	TRUE	0.351
LOC126335450	13	22	59	34	21	138	170	178	248	84	14	24	41	26	18	165	176	152	177	188	98.1	25	172	6.609	2.724	9.997	1.56875414155127e-23	5.30709526086794e-20	0.0367	0.1753	0.072	0.072	TRUE	1.0521
LOC126335473	24	38	77	81	105	13	16	6	41	8	26	41	53	61	90	16	17	5	29	18	35.62	54	17	0.484	-1.048	-3.566	0.000362234731078209	0.0158121302611301	0.2216	0.2379	0.2256	0.2256	TRUE	0.2163
LOC126335513	400	365	1072	793	717	224	180	147	257	88	430	396	740	599	617	268	187	125	184	197	374.28	556	192	0.379	-1.399	-5.826	5.68387665195616e-09	2.26218290747855e-06	0.0635	0.149	0.0798	0.0798	TRUE	0.1302
LOC126335543	14	30	52	22	36	54	52	99	70	64	15	33	36	17	31	65	54	84	50	143	52.74	26	79	2.253	1.172	4.024	5.72000316307935e-05	0.00459344234164915	0.1449	0.206	0.1586	0.1586	TRUE	0.5362
LOC126335605	142	161	104	246	64	239	787	693	1448	597	152	175	72	186	55	286	816	590	1036	1337	470.54	128	813	5.645	2.497	5.863	4.55795904680928e-09	1.92744693191947e-06	0.2754	0.1471	0.2446	0.2446	TRUE	0.0628
LOC126335620	0	0	9	0	2	2	4	26	23	25	0	0	6	0	2	2	4	22	16	56	10.91	2	20	2.249	1.169	3.187	0.00143730854488295	0.0427465038007827	1.7501	0.4606	1.2127	1.2127	TRUE	0.6638
LOC126335638	5	22	6	40	26	2	0	2	1	3	5	24	4	30	22	2	0	2	1	7	9.75	17	2	0.262	-1.933	-3.677	0.000235949889015858	0.0122983406608599	0.6163	0.4986	0.5781	0.5781	TRUE	0.1654
LOC126335646	9307	1854	1448	1370	937	306	396	123	273	61	9994	2011	1000	1035	807	366	411	105	195	137	1606.02	2969	243	0.106	-3.232	-5.27	1.36196889658334e-07	3.68603262171316e-05	0.7251	0.1418	0.5615	0.5615	TRUE	4.2628
LOC126335666	11	4	17	12	9	16	29	50	37	8	12	4	12	9	8	19	30	43	26	18	18.09	9	27	2.296	1.199	3.986	6.71138227967269e-05	0.00521944971313395	0.0621	0.3331	0.1295	0.1295	TRUE	0.2549
LOC126335705	3	3	4	6	5	9	12	19	19	4	3	3	3	5	4	11	12	16	14	9	8	4	12	2.267	1.181	3.665	0.000247573056198227	0.0125419489781365	0	0.577	0.1285	0.1285	TRUE	0.1265
LOC126335707	18	4	11	5	7	7	12	246	244	6	19	4	8	4	6	8	12	209	175	13	45.94	8	83	4.853	2.279	3.856	0.000115474695995453	0.00779249923420549	1.1046	0.2158	0.8533	0.8533	TRUE	0.0664
LOC126335709	118	111	169	511	151	141	1093	666	594	426	127	120	117	386	130	169	1133	567	425	954	412.82	176	650	2.334	1.223	3.66	0.000252099476947468	0.0125419489781365	0.3703	0.1481	0.3144	0.3144	TRUE	0.1637
LOC126335724	358	608	628	634	461	582	987	1109	1233	1717	384	660	434	479	397	697	1023	944	882	3845	974.57	471	1478	2.049	1.035	3.577	0.000348017988457283	0.0154405882616523	0.2891	0.1432	0.2543	0.2543	TRUE	8.191
LOC126335813	21	16	19	17	31	1	8	0	0	0	23	17	13	13	27	1	8	0	0	0	10.2	19	2	0.242	-2.048	-3.732	0.000189893187392662	0.0107068108824896	0.7534	0.4826	0.6007	0.6007	TRUE	2.085
LOC126336120	4	14	31	21	14	17	25	55	76	92	4	15	21	16	12	20	26	47	54	206	42.23	14	71	2.804	1.487	3.653	0.000259511433845	0.0128239542754749	0.5299	0.2225	0.4487	0.4487	TRUE	1.7732
LOC126336183	354	213	425	450	380	611	796	1154	1480	173	380	231	293	340	327	732	825	983	1059	387	555.78	314	797	2.181	1.125	4.774	1.80718637053944e-06	0.000314070577515124	0.082	0.1459	0.0933	0.0933	TRUE	0.2611
LOC126336207	3	11	1	9	17	6	23	54	59	97	3	12	1	7	15	7	24	46	42	217	37.38	8	67	4.174	2.061	3.767	0.000165077937094708	0.00999876485562436	1.0144	0.2333	0.7801	0.7801	TRUE	1.4787
LOC126336208	0	0	0	1	1	3	16	6	6	15	0	0	0	1	1	4	17	5	4	34	6.48	0	13	11.934	3.577	4.197	2.70361721933374e-05	0.00265111218927711	0.7298	0.6798	0.7128	0.7128	TRUE	0.2612
LOC126336288	9	6	2	3	3	4	8	7	109	24	10	7	1	2	3	5	8	6	78	54	17.32	5	30	2.192	1.133	3.224	0.00126620563529246	0.0392089122580722	0.9285	0.3417	0.7729	0.7729	TRUE	0.128
LOC126336325	10	15	5	6	8	18	8	14	56	65	11	16	3	5	7	22	8	12	40	146	26.93	8	46	2.061	1.044	3.213	0.00131248535030874	0.04018224380176	0.7475	0.2696	0.6222	0.6222	TRUE	1.3048
LOC126336387	0	0	0	4	1	1	9	517	0	474	0	0	0	3	1	1	9	440	0	1062	151.62	1	302	4.57	2.192	3.782	0.000155563910133881	0.00956859469059854	5.6129	0.1627	2.8603	5.6129	TRUE	0.29
LOC126336417	13604	39498	18167	16566	6817	91372	109034	212654	181257	31706	14609	42850	12541	12512	5869	109395	113057	181084	129715	71009	69263.99	17676	120852	6.023	2.591	5.865	4.4961036099573e-09	1.92744693191947e-06	0.3889	0.1397	0.2686	0.2686	TRUE	1.0359
LOC126336491	24	4	24	11	23	57	50	38	117	18	26	4	17	8	20	68	52	32	84	40	35.13	15	55	2.788	1.479	4.134	3.57029673463262e-05	0.00322088369420325	0.2024	0.2393	0.2124	0.2124	TRUE	0.1656
LOC126336547	62	47	76	139	56	69	23	373	442	391	67	51	52	105	48	83	24	318	316	876	193.93	65	323	2.305	1.205	3.387	0.000705854925472188	0.0254116162932441	0.7052	0.1577	0.5538	0.5538	TRUE	0.3592
LOC126336548	13	15	37	44	8	22	41	117	65	114	14	16	26	33	7	26	43	100	47	255	56.62	19	94	2.715	1.441	3.639	0.00027351526810215	0.0132186021712796	0.5235	0.2015	0.439	0.439	TRUE	0.7536
LOC126336626	16	73	152	51	98	22	1	8	22	0	17	79	105	39	84	26	1	7	16	0	37.41	65	10	0.348	-1.521	-3.535	0.000407233221155331	0.0171552449603705	0.8488	0.2332	0.618	0.618	TRUE	0.3173
LOC126336645	51	57	40	55	33	74	365	77	154	130	55	62	28	42	28	89	378	66	110	291	114.82	43	187	3.265	1.707	4.206	2.59946521447197e-05	0.00256758856074706	0.3325	0.1701	0.293	0.293	TRUE	0.1132
LOC126336680	2	1	11	3	6	23	9	31	2	71	2	1	8	2	5	28	9	26	1	159	24.2	4	45	4.679	2.226	3.762	0.000168879751052735	0.0100673162609939	1.209	0.2843	0.9472	0.9472	TRUE	1.6865
LOC126336731	5	18	16	16	10	13	37	302	2	134	5	20	11	12	9	16	38	257	1	300	66.93	11	122	4.328	2.114	3.725	0.000195058160677509	0.0108622511534488	1.3004	0.1919	0.9753	0.9753	TRUE	0.0565
LOC126336779	21	21	39	23	16	74	68	237	238	18	23	23	27	17	14	89	71	202	170	40	67.5	21	114	4.944	2.306	5.584	2.34621070167287e-08	8.35497979343087e-06	0.2156	0.1915	0.2101	0.2101	TRUE	0.0661
LOC126344463	11	6	17	3	8	5	15	76	25	74	12	7	12	2	7	6	16	65	18	166	30.91	8	54	2.874	1.523	3.506	0.000455333521991356	0.0186186676080386	0.8391	0.2529	0.6799	0.6799	TRUE	0.5032
LOC126344538	122	84	162	163	256	277	303	540	550	193	131	91	112	123	220	332	314	460	394	432	260.9	135	386	2.573	1.363	5.708	1.14201258060666e-08	4.41534692593409e-06	0.0639	0.1531	0.0792	0.0792	TRUE	0.6416
LOC126345116	5	37	60	56	42	34	97	79	160	321	5	40	41	42	36	41	101	67	115	719	120.74	33	209	2.965	1.568	3.578	0.000345617761732145	0.0153845379992085	0.8273	0.1686	0.6404	0.6404	TRUE	5.4539
LOC126346425	1211	210	301	925	2571	102	281	310	239	48	1300	228	208	699	2213	122	291	264	171	108	560.41	930	191	0.336	-1.574	-3.786	0.000152993449467188	0.00945345825657527	0.5361	0.1459	0.4317	0.4317	TRUE	0.1753
LOC126348744	2	3	5	4	3	3	6	21	9	27	2	3	3	3	3	4	6	18	6	60	10.91	3	19	2.309	1.207	3.303	0.000954926372146513	0.031938060635377	0.6205	0.4606	0.5815	0.5815	TRUE	1.1621
LOC126349798	97	89	135	178	123	262	265	523	679	173	104	97	93	134	106	314	275	445	486	387	244.14	107	381	3.447	1.785	8.3	1.04115352284618e-16	1.40888894711545e-13	0.0364	0.154	0.0531	0.0531	TRUE	0.0619
LOC126353281	11	34	42	76	3	4	4	4	7	4	12	37	29	57	3	5	4	3	5	9	16.4	28	5	0.393	-1.347	-3.465	0.000529989324562661	0.0210796214577962	0.5137	0.3531	0.4729	0.4729	TRUE	0.0945
LOC126353764	119	1	1	3	170	1	1	0	0	0	128	1	1	2	146	1	1	0	0	0	28.04	56	0	0.182	-2.46	-3.743	0.000182193376478009	0.0104526664165928	3.1054	0.2645	1.9393	3.1054	TRUE	0.0493
LOC126353834	2	0	1	3	0	1	0	17	28	25	2	0	1	2	0	1	0	14	20	56	9.68	1	18	2.549	1.35	3.275	0.00105686051103961	0.0344612926153927	2.1012	0.5012	1.4524	1.4524	TRUE	0.3037
LOC126353958	146	174	257	316	375	76	99	102	127	34	157	189	177	239	323	91	103	87	91	76	153.2	217	90	0.467	-1.097	-5.184	2.16976650731171e-07	5.53986422206455e-05	0.0457	0.1625	0.0637	0.0637	TRUE	0.3638
LOC126353959	25	127	852	395	122	40	26	40	61	11	27	138	588	298	105	48	27	34	44	25	133.33	231	36	0.211	-2.243	-4.331	1.48540306249531e-05	0.00167503952014055	0.551	0.1659	0.4486	0.4486	TRUE	0.2479
LOC126353960	6	32	52	40	45	0	1	0	0	0	6	35	36	30	39	0	1	0	0	0	14.7	29	0	0.019	-5.742	-6.186	6.17868790035761e-10	3.09666683954219e-07	0	0.3777	0.3463	0.3463	TRUE	1.0042
LOC126353961	24	132	448	178	90	12	15	27	39	6	26	143	309	134	77	14	16	23	28	13	78.44	138	19	0.167	-2.586	-5.144	2.69064979627446e-07	6.61997691694292e-05	0.3868	0.1843	0.3357	0.3357	TRUE	0.2214
LOC126353962	693	1788	6575	4291	1755	11	24	61	64	11	744	1940	4539	3241	1511	13	25	52	46	25	1213.5	2395	32	0.015	-6.02	-12.321	7.0008387423096e-35	3.15784499536445e-31	0.3372	0.1425	0.2863	0.2863	TRUE	0.0794
LOC126353964	192	261	284	319	354	40	30	198	141	14	206	283	196	241	305	48	31	169	101	31	161.09	246	76	0.466	-1.102	-3.668	0.000244048114925248	0.0124621097779942	0.2695	0.1614	0.2425	0.2425	TRUE	1.7726
LOC126354124	11	6	35	11	19	1	3	1	0	0	12	7	24	8	16	1	3	1	0	0	7.23	13	1	0.134	-2.897	-4.259	2.04888879950664e-05	0.00213273563345568	0.2266	0.6237	0.36	0.36	TRUE	0.3757
LOC126354195	1	4	5	2	3	161	2	346	298	283	1	4	3	2	3	193	2	295	213	634	134.95	3	267	68.086	6.089	7.459	8.69659932013328e-14	1.06983983636403e-10	1.0842	0.1656	0.7924	0.7924	TRUE	0.1459
LOC126354224	7	7	5	16	17	2	8	119	84	41	8	8	3	12	15	2	8	101	60	92	30.92	9	53	2.116	1.081	3.224	0.00126468574690006	0.0392089122580722	0.8523	0.2528	0.6848	0.6848	TRUE	0.0379
LOC126354240	120	99	167	88	87	18	18	76	46	13	129	107	115	66	75	22	19	65	33	29	65.99	98	34	0.447	-1.162	-4.063	4.84089990266608e-05	0.00397012469593196	0.1394	0.1927	0.1514	0.1514	TRUE	0.5521
LOC126354280	1	0	1	0	0	0	0	61	73	5	1	0	1	0	0	0	0	52	52	11	11.71	0	23	6.379	2.673	3.776	0.000159574379969725	0.00977086203506932	3.8516	0.4384	2.0328	2.0328	TRUE	0.0552
LOC126354284	17	66	85	59	38	77	78	291	279	138	18	72	59	45	33	92	81	248	200	309	115.54	45	186	3.257	1.704	4.421	9.83606967102439e-06	0.00119911436746218	0.2648	0.1699	0.2418	0.2418	TRUE	0.0652
LOC126354299	5	17	2	15	17	3	139	74	222	25	5	18	1	11	15	4	144	63	159	56	47.68	10	85	4.692	2.23	3.951	7.79305940255634e-05	0.00582628065388908	0.8682	0.2131	0.6738	0.6738	TRUE	0.057
LOC126354308	48	2	82	71	2	1	1	1	0	0	52	2	57	54	2	1	1	1	0	0	16.88	33	1	0.046	-4.445	-4.671	2.99336495533835e-06	0.000461381812837682	0	0.3471	0.9912	0.9912	TRUE	0.0408
LOC126354441	3	1	1	2	7	35	29	30	47	12	3	1	1	2	6	42	30	26	34	27	17.06	3	32	11.075	3.469	6.932	4.15491827473918e-12	4.01602529241218e-09	0.0147	0.3449	0.1447	0.1447	TRUE	0.8619
LOC126354515	1	0	0	1	1	273	313	103	109	215	1	0	0	1	1	327	325	88	78	482	130.13	1	260	273.821	8.097	8.958	3.31691297746618e-19	7.48074440184539e-16	0	0.1665	0.3753	0.3753	TRUE	0.0585
LOC126354567	3	3	4	4	4	20	18	11	28	24	3	3	3	3	3	24	19	9	20	54	14.15	3	25	6.317	2.659	5.089	3.59228814631925e-07	8.38117986137794e-05	0.1923	0.3871	0.2389	0.2389	TRUE	0.3996
LOC126354603	21	12	15	100	59	4	13	1	9	3	23	13	10	76	51	5	13	1	6	7	20.45	35	6	0.406	-1.299	-3.432	0.000598843769868422	0.0229170848239786	0.5726	0.3108	0.4999	0.4999	TRUE	0.1425
LOC126354633	706	438	658	1048	723	218	150	206	283	29	758	475	454	792	622	261	156	175	203	65	396.09	620	172	0.311	-1.684	-5.46	4.76722106319406e-08	1.61275088567855e-05	0.1284	0.1485	0.1327	0.1327	TRUE	0.2077
LOC126354707	645	469	612	715	770	202	191	348	365	44	693	509	422	540	663	242	198	296	261	99	392.28	565	219	0.459	-1.122	-4.662	3.12983949942848e-06	0.000470588756736291	0.0862	0.1486	0.0983	0.0983	TRUE	0.3815
LOC126354796	7	14	10	7	7	26	24	20	22	18	8	15	7	5	6	31	25	17	16	40	17	8	26	2.124	1.087	3.685	0.000229010534704736	0.0121642708839533	0.0994	0.3455	0.1605	0.1605	TRUE	0.2449
LOC126354945	53	75	151	89	164	22	16	47	75	5	57	81	104	67	141	26	17	40	54	11	59.88	90	30	0.489	-1.031	-3.661	0.000251448425738068	0.0125419489781365	0.196	0.1981	0.1966	0.1966	TRUE	0.3948
LOC126355038	627	692	860	1240	685	1683	959	3650	2316	638	673	751	594	937	590	2015	994	3108	1657	1429	1274.77	709	1841	2.163	1.113	4.472	7.73471670807108e-06	0.0010161765678992	0.1136	0.1424	0.113	0.113	TRUE	0.2899
LOC126355128	345	314	700	753	640	107	141	189	308	110	370	341	483	569	551	128	146	161	220	246	321.61	463	180	0.436	-1.199	-5.377	7.55692218769731e-08	2.3781458382307e-05	0.0595	0.1505	0.0733	0.0733	TRUE	0.1155
LOC126355154	0	2	2	2	0	2	8	8	17	32	0	2	1	2	0	2	8	7	12	72	10.64	1	20	7.511	2.909	4.001	6.31187314092448e-05	0.00499486943526257	1.1203	0.4686	0.9031	0.9031	TRUE	2.9349
LOC126355316	1	3	4	2	2	13	9	22	21	4	1	3	3	2	2	16	9	19	15	9	7.79	2	14	5.212	2.382	4.613	3.96025706841366e-06	0.00058250215923667	0	0.5887	0.1724	0.1724	TRUE	0.0654
LOC126355318	0	0	1	0	3	12	22	25	51	3	0	0	1	0	3	14	23	21	36	7	10.5	1	20	19.294	4.27	5.331	9.76902828862888e-08	2.87214974292466e-05	0.2778	0.4731	0.3623	0.3623	TRUE	0.5298
LOC126355394	2	816	2	1384	856	3	4	9	13	2	2	885	1	1045	737	4	4	8	9	4	270.02	534	6	0.029	-5.127	-4.91	9.08690491598753e-07	0.000178208691772671	2.005	0.1526	1.4207	2.005	TRUE	0.0276
LOC126355401	8	44	18	74	62	4	8	14	11	0	9	48	12	56	53	5	8	12	8	0	21.09	36	7	0.376	-1.411	-3.565	0.000363404704498295	0.0158121944092313	0.4827	0.3056	0.428	0.428	TRUE	0.0568
LOC126355501	18	1	22	24	32	25	12	33	139	305	19	1	15	18	28	30	12	28	99	683	93.43	16	170	3.571	1.836	3.573	0.000353583848821596	0.015617135598733	1.4117	0.1771	1.0461	1.0461	TRUE	4.4808
LOC126355742	4	1	4	25	1	0	0	0	0	0	4	1	3	19	1	0	0	0	0	0	2.79	6	0	0.449	-1.156	-3.19	0.00142176790489154	0.0425649630287442	1.7806	1.3949	1.6188	1.6188	TRUE	1.9274
LOC126355786	22	21	35	26	18	31	35	60	76	51	24	23	24	20	15	37	36	51	54	114	39.88	21	58	2.046	1.033	3.887	0.00010167444111692	0.00716592988121957	0.1074	0.2274	0.1335	0.1335	TRUE	1.0561
LOC126355817	34	35	118	94	68	111	90	373	393	142	37	38	81	71	59	133	93	318	281	318	142.86	57	229	3.416	1.772	4.93	8.22311447725611e-07	0.000163639978097397	0.1923	0.1641	0.186	0.186	TRUE	0.0781
LOC126355818	17	2	55	73	51	211	65	424	129	105	18	2	38	55	44	253	67	361	92	235	116.6	31	202	4.411	2.141	4.182	2.88954254069786e-05	0.00275361194793827	0.6031	0.1697	0.473	0.473	TRUE	0.0968
LOC126355859	10	1	2	1	8	43	20	49	49	2	11	1	1	1	7	51	21	42	35	4	17.43	4	31	4.13	2.046	3.856	0.000115345236038786	0.00779249923420549	0.6795	0.3404	0.5656	0.5656	TRUE	0.2755
LOC126355870	0	0	0	0	0	7	3	6	11	0	0	0	0	0	0	8	3	5	8	0	2.45	0	5	4.771	2.254	3.639	0.000273500157749145	0.0132186021712796	0.3266	1.5698	1.124	1.124	TRUE	0.0587
LOC126355921	1204	998	2439	1701	1031	2132	2603	3070	5051	3726	1293	1083	1684	1285	888	2553	2699	2614	3615	8345	2605.69	1247	3965	2.61	1.384	4.526	6.00538225093289e-06	0.000820856895147716	0.1693	0.141	0.1628	0.1628	TRUE	2.8967
LOC126355925	589	124	1133	2149	1168	154	53	196	434	108	632	135	782	1623	1006	184	55	167	311	242	513.65	836	192	0.365	-1.453	-3.764	0.000166909580745009	0.0100347509808021	0.4616	0.1465	0.3788	0.3788	TRUE	0.1133
LOC126356120	2	1	2	3	1	9	5	165	284	189	2	1	1	2	1	11	5	141	203	423	79.07	1	157	60.629	5.922	6.706	1.99534391271463e-11	1.60755107500233e-08	1.2056	0.1839	0.8945	0.8945	TRUE	0.1444
LOC126356215	78	80	167	188	111	275	274	397	426	84	84	87	115	142	96	329	284	338	305	188	196.78	105	289	2.544	1.347	6.217	5.06012414010895e-10	2.92186255117566e-07	0.0403	0.1574	0.0605	0.0605	TRUE	0.4205
LOC126356230	122	180	291	323	121	734	270	570	650	181	131	195	201	244	104	879	280	485	465	405	338.99	175	503	2.328	1.219	4.373	1.22646254283364e-05	0.00143073199393318	0.1397	0.15	0.1417	0.1417	TRUE	0.4931
LOC126356345	20	124	61	258	439	9	6	27	6	11	21	135	42	195	378	11	6	23	4	25	83.98	154	14	0.119	-3.076	-4.891	1.00517065998221e-06	0.000191577033392666	0.7277	0.1813	0.5737	0.5737	TRUE	0.1691
LOC126356359	2	3	2	10	4	10	5	20	20	14	2	3	1	8	3	12	5	17	14	31	9.76	3	16	2.107	1.075	3.34	0.000837594848764576	0.0290625189355344	0.2454	0.4981	0.3165	0.3165	TRUE	0.2795
LOC126359007	31	7	49	8	38	1	0	8	6	0	33	8	34	6	33	1	0	7	4	0	12.58	23	2	0.279	-1.84	-3.649	0.000262852080477766	0.0129342340110005	0.7318	0.4179	0.6133	0.6133	TRUE	0.2007
LOC126359039	23	5	37	15	35	0	2	2	3	0	25	5	26	11	30	0	2	2	2	0	10.31	19	1	0.103	-3.279	-4.794	1.63466366426155e-06	0.00029493691606383	0.2881	0.4793	0.3487	0.3487	TRUE	0.0719
LOC126360492	339	235	1	335	0	0	0	0	0	1	364	255	1	253	0	0	0	0	0	2	87.49	175	0	0.099	-3.33	-4.081	4.48110875860483e-05	0.00378989773259003	5.0492	0.1797	2.2758	5.0492	TRUE	0.5007
LOC126365760	139	142	241	245	320	238	686	962	2164	175	149	154	166	185	275	285	711	819	1549	392	468.62	186	751	3.374	1.755	4.713	2.44158080648767e-06	0.00041299339341739	0.2369	0.1471	0.2163	0.2163	TRUE	0.2834
LOC126365833	2798	4771	2977	4463	3127	5441	4049	13096	14391	5203	3005	5176	2055	3371	2692	6514	4198	11152	10299	11653	6011.43	3260	8763	2.137	1.095	4.158	3.20562428313564e-05	0.00299162122754424	0.1336	0.1402	0.1412	0.1412	TRUE	0.1887
LOC126365834	125	595	765	529	312	378	240	7483	920	2117	134	645	528	400	269	453	249	6372	658	4741	1444.91	395	2495	2.671	1.417	3.457	0.000545517952958069	0.0214643233792716	0.9382	0.1421	0.7086	0.7086	TRUE	0.0984
LOC126365867	310	241	438	545	432	134	109	136	236	58	333	261	302	412	372	160	113	116	169	130	236.83	336	138	0.445	-1.168	-6.204	5.5105628891391e-10	2.92186255117566e-07	0.0285	0.1544	0.046	0.046	TRUE	0.0978
LOC126365881	4	1	3	6	2	1	2	99	5	30	4	1	2	5	2	1	2	84	4	67	17.2	3	32	2.745	1.457	3.351	0.000806654031670063	0.0283523178092449	1.4541	0.3431	1.1441	1.1441	TRUE	0.0747
