Id	SPICE_S_Iso_SRR11815240	SPICE_S_Iso_SRR11815251	SPICE_S_Iso_SRR11815261	SPICE_S_Iso_SRR11815273	SPICE_S_Iso_SRR11815274	SPICE_G_Crd_SRR11815268	SPICE_G_Crd_SRR11815269	SPICE_G_Crd_SRR11815270	SPICE_G_Crd_SRR11815271	SPICE_G_Crd_SRR11815272	norm.SPICE_S_Iso_SRR11815240	norm.SPICE_S_Iso_SRR11815251	norm.SPICE_S_Iso_SRR11815261	norm.SPICE_S_Iso_SRR11815273	norm.SPICE_S_Iso_SRR11815274	norm.SPICE_G_Crd_SRR11815268	norm.SPICE_G_Crd_SRR11815269	norm.SPICE_G_Crd_SRR11815270	norm.SPICE_G_Crd_SRR11815271	norm.SPICE_G_Crd_SRR11815272	baseMean	Isolated	Crowded	FoldChange	log2FoldChange	stat	pvalue	padj	dispGeneEst	dispFit	dispMAP	dispersion	betaConv	maxCooks
LOC126271867	18	16	33	21	32	402	349	303	534	242	19	17	23	16	28	481	362	258	382	542	212.82	21	405	18.73	4.227	14.981	9.74804199792836e-51	1.31910504315967e-46	0.0572	0.1561	0.0756	0.0756	TRUE	0.0602
LOC126335450	13	22	59	34	21	138	170	178	248	84	14	24	41	26	18	165	176	152	177	188	98.1	25	172	6.609	2.724	9.997	1.56875414155127e-23	5.30709526086794e-20	0.0367	0.1753	0.072	0.072	TRUE	1.0521
LOC126282250	232	68	147	145	118	1298	1149	2145	2960	2609	249	74	101	110	102	1554	1191	1827	2118	5843	1316.89	127	2507	17.485	4.128	9.026	1.78022404364159e-19	4.81799835171159e-16	0.3103	0.1423	0.2692	0.2692	TRUE	1.3547
LOC126354515	1	0	0	1	1	273	313	103	109	215	1	0	0	1	1	327	325	88	78	482	130.13	1	260	273.821	8.097	8.958	3.31691297746618e-19	7.48074440184539e-16	0	0.1665	0.3753	0.3753	TRUE	0.0585
LOC126282249	565	199	305	341	356	3487	2796	4969	7408	7704	607	216	211	258	306	4175	2899	4231	5301	17254	3545.8	320	6772	18.542	4.213	8.751	2.12073028831958e-18	3.58721528269257e-15	0.3573	0.1406	0.3031	0.3031	TRUE	2.1798
LOC126282005	106	56	119	86	87	402	232	537	537	277	114	61	82	65	75	481	241	457	384	620	258.04	79	437	5.251	2.392	8.427	3.54739741976561e-17	5.33370909825203e-14	0.0823	0.1532	0.0953	0.0953	TRUE	0.0918
LOC126349798	97	89	135	178	123	262	265	523	679	173	104	97	93	134	106	314	275	445	486	387	244.14	107	381	3.447	1.785	8.3	1.04115352284618e-16	1.40888894711545e-13	0.0364	0.154	0.0531	0.0531	TRUE	0.0619
LOC126354195	1	4	5	2	3	161	2	346	298	283	1	4	3	2	3	193	2	295	213	634	134.95	3	267	68.086	6.089	7.459	8.69659932013328e-14	1.06983983636403e-10	1.0842	0.1656	0.7924	0.7924	TRUE	0.1459
LOC126278583	0	2	1	2	0	29	37	20	74	22	0	2	1	2	0	35	38	17	53	49	19.67	1	38	32.55	5.025	7.069	1.56366830910457e-12	1.76329662990026e-09	0	0.3176	0.2007	0.2007	TRUE	0.1676
LOC126354441	3	1	1	2	7	35	29	30	47	12	3	1	1	2	6	42	30	26	34	27	17.06	3	32	11.075	3.469	6.932	4.15491827473918e-12	4.01602529241218e-09	0.0147	0.3449	0.1447	0.1447	TRUE	0.8619
LOC126278162	131	51	30	24	104	241	484	2164	2727	1477	141	55	21	18	90	289	502	1843	1952	3308	821.7	65	1579	19.143	4.259	6.804	1.01583048269852e-11	9.16414539458427e-09	0.7007	0.1439	0.5435	0.5435	TRUE	0.0945
LOC126268224	24	23	21	37	18	130	109	170	311	414	26	25	14	28	15	156	113	145	223	927	167.19	22	313	12.005	3.586	6.705	2.01953652638483e-11	1.60755107500233e-08	0.4459	0.1606	0.3723	0.3723	TRUE	3.879
LOC126356120	2	1	2	3	1	9	5	165	284	189	2	1	1	2	1	11	5	141	203	423	79.07	1	157	60.629	5.922	6.706	1.99534391271463e-11	1.60755107500233e-08	1.2056	0.1839	0.8945	0.8945	TRUE	0.1444
LOC126267730	0	2	2	2	9	100	67	111	17	39	0	2	1	2	8	120	69	95	12	87	39.6	3	77	22.337	4.481	6.664	2.65608570275462e-11	1.89169219629871e-08	0.6055	0.228	0.4675	0.4675	TRUE	0.6691
LOC126273222	323	223	533	469	282	544	909	2329	2198	662	347	242	368	354	243	651	943	1983	1573	1483	818.64	311	1327	4.004	2.001	6.651	2.90351483465432e-11	1.96451813712711e-08	0.1109	0.1439	0.1171	0.1171	TRUE	0.0692
LOC126278520	87	144	112	170	84	286	548	851	945	1049	93	156	77	128	72	342	568	725	676	2349	518.86	105	932	7.753	2.955	6.478	9.27013486033647e-11	5.95286556973862e-08	0.3202	0.1464	0.2776	0.2776	TRUE	1.4081
LOC126266765	1	4	2	6	4	74	58	65	8	51	1	4	1	5	3	89	60	55	6	114	33.88	3	65	16.573	4.051	6.208	5.37967013756574e-10	2.92186255117566e-07	0.5435	0.243	0.4571	0.4571	TRUE	0.0916
LOC126356215	78	80	167	188	111	275	274	397	426	84	84	87	115	142	96	329	284	338	305	188	196.78	105	289	2.544	1.347	6.217	5.06012414010895e-10	2.92186255117566e-07	0.0403	0.1574	0.0605	0.0605	TRUE	0.4205
LOC126292113	1	9	3	5	3	18	35	30	68	25	1	10	2	4	3	22	36	26	49	56	20.73	4	38	8.488	3.085	6.13	8.80532452280275e-10	4.25548755152024e-07	0.172	0.3085	0.2188	0.2188	TRUE	0.3565
LOC126272571	115	31	49	51	39	314	145	406	603	202	123	34	34	39	34	376	150	346	432	452	201.9	53	351	5.986	2.582	6.12	9.35557073264685e-10	4.36550286738542e-07	0.2551	0.157	0.2313	0.2313	TRUE	1.9814
LOC126311353	0	0	0	1	0	12	18	39	25	4	0	0	0	1	0	14	19	33	18	9	9.38	0	19	44.973	5.491	6.029	1.65339167620005e-09	7.4578987207797e-07	0	0.5126	0.2823	0.2823	TRUE	0.2039
LOC126335605	142	161	104	246	64	239	787	693	1448	597	152	175	72	186	55	286	816	590	1036	1337	470.54	128	813	5.645	2.497	5.863	4.55795904680928e-09	1.92744693191947e-06	0.2754	0.1471	0.2446	0.2446	TRUE	0.0628
LOC126336417	13604	39498	18167	16566	6817	91372	109034	212654	181257	31706	14609	42850	12541	12512	5869	109395	113057	181084	129715	71009	69263.99	17676	120852	6.023	2.591	5.865	4.4961036099573e-09	1.92744693191947e-06	0.3889	0.1397	0.2686	0.2686	TRUE	1.0359
LOC126344538	122	84	162	163	256	277	303	540	550	193	131	91	112	123	220	332	314	460	394	432	260.9	135	386	2.573	1.363	5.708	1.14201258060666e-08	4.41534692593409e-06	0.0639	0.1531	0.0792	0.0792	TRUE	0.6416
LOC126293283	11	9	11	21	13	25	54	57	65	54	12	10	8	16	11	30	56	49	47	121	35.81	11	61	4.69	2.23	5.598	2.16439135594852e-08	7.91582265640414e-06	0.1508	0.2374	0.1705	0.1705	TRUE	0.6387
LOC126336779	21	21	39	23	16	74	68	237	238	18	23	23	27	17	14	89	71	202	170	40	67.5	21	114	4.944	2.306	5.584	2.34621070167287e-08	8.35497979343087e-06	0.2156	0.1915	0.2101	0.2101	TRUE	0.0661
LOC126284272	101	88	180	136	148	167	183	315	349	155	108	95	124	103	127	200	190	268	250	347	181.31	111	251	2.013	1.01	5.353	8.63861713231481e-08	2.63390677986829e-05	0.0311	0.159	0.0498	0.0498	TRUE	0.2259
LOC126278295	5	2	2	5	3	15	21	15	34	10	5	2	1	4	3	18	22	13	24	22	11.45	3	20	5.67	2.503	5.327	9.9756900618873e-08	2.87214974292466e-05	0	0.4453	0.1398	0.1398	TRUE	0.264
LOC126355318	0	0	1	0	3	12	22	25	51	3	0	0	1	0	3	14	23	21	36	7	10.5	1	20	19.294	4.27	5.331	9.76902828862888e-08	2.87214974292466e-05	0.2778	0.4731	0.3623	0.3623	TRUE	0.5298
LOC126284314	5	3	1	2	18	62	475	15	307	9	5	3	1	2	15	74	493	13	220	20	84.57	5	164	19.53	4.288	5.277	1.31433804687209e-07	3.62971886740267e-05	1.3377	0.181	0.9768	0.9768	TRUE	0.2515
LOC126293425	3	6	10	4	10	24	15	80	46	164	3	7	7	3	9	29	16	68	33	367	54.09	6	103	12.693	3.666	5.249	1.52849719560112e-07	4.05561255899496e-05	0.8501	0.2044	0.6718	0.6718	TRUE	3.059
LOC126278367	2	2	3	3	4	0	4	277	317	41	2	2	2	2	3	0	4	236	227	92	57.08	2	112	25.129	4.651	5.159	2.486467442232e-07	6.2309032274599e-05	1.7121	0.201	1.192	1.192	TRUE	0.0278
LOC126277903	147	102	168	182	164	253	199	348	329	110	158	111	116	137	141	303	206	296	235	246	195.05	133	257	1.786	0.837	5.107	3.26782200809659e-07	7.75792410764264e-05	0.0184	0.1576	0.0367	0.0367	TRUE	0.1028
LOC126285392	1	0	2	2	3	9	17	14	18	9	1	0	1	2	3	11	18	12	13	20	7.99	1	15	8.136	3.024	5.109	3.24288271232992e-07	7.75792410764264e-05	0	0.5776	0.1713	0.1713	TRUE	0.1595
LOC126354567	3	3	4	4	4	20	18	11	28	24	3	3	3	3	3	24	19	9	20	54	14.15	3	25	6.317	2.659	5.089	3.59228814631925e-07	8.38117986137794e-05	0.1923	0.3871	0.2389	0.2389	TRUE	0.3996
LOC126267876	130	334	349	331	344	420	1508	697	1138	551	140	362	241	250	296	503	1564	594	814	1234	599.75	258	942	3.179	1.668	5.074	3.88667477723469e-07	8.65234555994165e-05	0.1603	0.1455	0.1604	0.1604	TRUE	0.1136
LOC126272901	77	41	82	107	81	158	107	211	366	166	83	44	57	81	70	189	111	180	262	372	144.78	67	223	2.883	1.528	5.075	3.87179549183408e-07	8.65234555994165e-05	0.1213	0.1638	0.1299	0.1299	TRUE	0.1698
LOC126282251	0	0	0	0	0	6	10	4	10	12	0	0	0	0	0	7	10	3	7	27	5.5	0	11	30.716	4.941	5.072	3.93837270484272e-07	8.65234555994165e-05	0.5323	0.7761	0.638	0.638	TRUE	0.5024
LOC126291886	2	2	8	17	8	18	62	35	50	143	2	2	6	13	7	22	64	30	36	320	50.13	6	94	11.044	3.465	5.071	3.96427301741341e-07	8.65234555994165e-05	0.8295	0.2095	0.6518	0.6518	TRUE	3.277
LOC126353933	642	914	1086	1122	1113	1186	1441	1721	2331	1006	689	992	750	847	958	1420	1494	1466	1668	2253	1253.71	847	1660	1.791	0.841	5.034	4.79726034823806e-07	0.000101432073488059	0.0296	0.1424	0.0436	0.0436	TRUE	0.4761
LOC126282035	646	611	773	1186	616	1049	3773	2371	2476	651	694	663	534	896	530	1256	3912	2019	1772	1458	1373.33	663	2083	2.717	1.442	5.001	5.69383724436175e-07	0.000116740917561672	0.127	0.1422	0.13	0.13	TRUE	0.9138
LOC126355817	34	35	118	94	68	111	90	373	393	142	37	38	81	71	59	133	93	318	281	318	142.86	57	229	3.416	1.772	4.93	8.22311447725611e-07	0.000163639978097397	0.1923	0.1641	0.186	0.186	TRUE	0.0781
LOC126272693	376	706	313	404	634	1016	2105	1617	2652	5164	404	766	216	305	546	1216	2183	1377	1898	11565	2047.6	447	3648	6.454	2.69	4.905	9.34681128762316e-07	0.000180687214777309	0.5737	0.1414	0.4564	0.4564	TRUE	7.1947
LOC126335148	75	115	406	405	294	722	339	1313	1334	1249	81	125	280	306	253	864	352	1118	955	2797	713.05	209	1217	4.817	2.268	4.862	1.16345397656832e-06	0.000218664711262814	0.4021	0.1446	0.3252	0.3252	TRUE	0.5056
LOC126272273	6	48	17	61	27	32	112	920	308	169	6	52	12	46	23	38	116	783	220	378	167.63	28	307	8.107	3.019	4.829	1.37022282624933e-06	0.000253998017600081	0.7748	0.1605	0.5993	0.5993	TRUE	0.2288
LOC126277930	4	11	9	12	5	53	37	28	46	7	4	12	6	9	4	63	38	24	33	16	21.01	7	35	4.131	2.047	4.818	1.45167695794194e-06	0.000265460710741491	0.1567	0.3063	0.196	0.196	TRUE	0.2023
LOC126323134	3	2	27	9	5	29	75	32	45	72	3	2	19	7	4	35	78	27	32	161	36.83	7	67	6.924	2.792	4.774	1.810338829898e-06	0.000314070577515124	0.5583	0.2347	0.4663	0.4663	TRUE	0.5369
LOC126336183	354	213	425	450	380	611	796	1154	1480	173	380	231	293	340	327	732	825	983	1059	387	555.78	314	797	2.181	1.125	4.774	1.80718637053944e-06	0.000314070577515124	0.082	0.1459	0.0933	0.0933	TRUE	0.2611
LOC126331994	4	2	4	12	0	11	48	28	34	44	4	2	3	9	0	13	50	24	24	99	22.79	4	42	8.055	3.01	4.751	2.02564882208556e-06	0.000346975694436225	0.6238	0.2932	0.5105	0.5105	TRUE	0.3334
LOC126365760	139	142	241	245	320	238	686	962	2164	175	149	154	166	185	275	285	711	819	1549	392	468.62	186	751	3.374	1.755	4.713	2.44158080648767e-06	0.00041299339341739	0.2369	0.1471	0.2163	0.2163	TRUE	0.2834
LOC126267952	27	45	41	33	45	54	83	98	108	31	29	49	28	25	39	65	86	83	77	69	55.07	34	76	1.98	0.985	4.704	2.55509190017236e-06	0.000421652482843078	0.0172	0.2032	0.0557	0.0557	TRUE	0.3958
LOC126272427	1	0	0	1	1	6	10	10	20	14	1	0	0	1	1	7	10	9	14	31	7.44	1	14	14.687	3.876	4.696	2.65798898446264e-06	0.000433348276358415	0	0.6099	0.348	0.348	TRUE	0.5183
LOC126268959	249	249	241	322	213	368	351	735	670	369	267	270	166	243	183	441	364	626	479	826	386.68	226	547	2.077	1.054	4.687	2.77688362259856e-06	0.000436939409081438	0.0747	0.1487	0.0856	0.0856	TRUE	0.2345
LOC126298210	745	821	1688	1518	1004	1276	1469	2743	2753	804	800	891	1165	1146	864	1528	1523	2336	1970	1801	1402.43	973	1832	1.717	0.78	4.687	2.77157271296163e-06	0.000436939409081438	0.0315	0.1421	0.0447	0.0447	TRUE	0.2406
LOC126281827	69	216	514	529	228	704	433	3752	2259	475	74	234	355	400	196	843	449	3195	1617	1064	842.64	252	1434	4.588	2.198	4.668	3.03450941047544e-06	0.000461381812837682	0.4093	0.1438	0.3446	0.3446	TRUE	0.3252
LOC126355316	1	3	4	2	2	13	9	22	21	4	1	3	3	2	2	16	9	19	15	9	7.79	2	14	5.212	2.382	4.613	3.96025706841366e-06	0.00058250215923667	0	0.5887	0.1724	0.1724	TRUE	0.0654
LOC126272525	17	21	28	32	23	46	47	93	92	149	18	23	19	24	20	55	49	79	66	334	68.69	21	117	4.398	2.137	4.589	4.46033723834163e-06	0.000642098760736585	0.361	0.1906	0.3196	0.3196	TRUE	6.3258
LOC126355921	1204	998	2439	1701	1031	2132	2603	3070	5051	3726	1293	1083	1684	1285	888	2553	2699	2614	3615	8345	2605.69	1247	3965	2.61	1.384	4.526	6.00538225093289e-06	0.000820856895147716	0.1693	0.141	0.1628	0.1628	TRUE	2.8967
LOC126284446	113	93	271	176	153	250	218	647	733	1233	121	101	187	133	132	299	226	551	525	2761	503.63	135	872	4.929	2.301	4.493	7.00670746681524e-06	0.000938760053870732	0.5287	0.1466	0.427	0.427	TRUE	3.4042
LOC126355038	627	692	860	1240	685	1683	959	3650	2316	638	673	751	594	937	590	2015	994	3108	1657	1429	1274.77	709	1841	2.163	1.113	4.472	7.73471670807108e-06	0.0010161765678992	0.1136	0.1424	0.113	0.113	TRUE	0.2899
LOC126291674	69	91	126	136	80	144	124	178	232	71	74	99	87	103	69	172	129	152	166	159	120.9	86	156	1.647	0.72	4.458	8.26414102659769e-06	0.0010650510130659	0.0116	0.1686	0.0345	0.0345	TRUE	0.1296
LOC126298041	115	181	135	119	128	250	305	286	305	207	123	196	93	90	110	299	316	244	218	464	215.41	122	308	2.097	1.069	4.447	8.71229487001604e-06	0.00110182031944913	0.0891	0.1559	0.1015	0.1015	TRUE	0.5476
LOC126295330	47	68	90	76	49	162	135	180	183	31	50	74	62	57	42	194	140	153	131	69	97.36	57	137	2.036	1.026	4.426	9.6162275295715e-06	0.00118297082663783	0.0663	0.1756	0.088	0.088	TRUE	0.1714
LOC126354284	17	66	85	59	38	77	78	291	279	138	18	72	59	45	33	92	81	248	200	309	115.54	45	186	3.257	1.704	4.421	9.83606967102439e-06	0.00119911436746218	0.2648	0.1699	0.2418	0.2418	TRUE	0.0652
LOC126294994	114	164	126	337	214	1892	4382	244	292	241	122	178	87	255	184	2265	4544	208	209	540	859.14	165	1553	6.408	2.68	4.394	1.11209387692853e-05	0.00133175702146875	0.8474	0.1437	0.647	0.647	TRUE	0.2415
LOC126332261	274	149	118	510	111	296	3628	1035	1056	404	294	162	81	385	96	354	3762	881	756	905	767.62	204	1332	4.842	2.276	4.39	1.13599426790266e-05	0.00134844512572446	0.5704	0.1442	0.455	0.455	TRUE	1.9463
LOC126356230	122	180	291	323	121	734	270	570	650	181	131	195	201	244	104	879	280	485	465	405	338.99	175	503	2.328	1.219	4.373	1.22646254283364e-05	0.00143073199393318	0.1397	0.15	0.1417	0.1417	TRUE	0.4931
LOC126335883	159	166	293	253	229	294	255	353	493	237	171	180	202	191	197	352	264	301	353	531	274.19	188	360	1.701	0.766	4.347	1.37910478344923e-05	0.00158152931607077	0.0334	0.1524	0.0504	0.0504	TRUE	0.5985
LOC126284306	17290	15421	27785	23977	13077	22627	24355	74655	67379	45083	18567	16730	19181	18109	11258	27090	25254	63572	48219	100969	34894.78	16769	53021	2.525	1.336	4.344	1.40210190952359e-05	0.00159439017140111	0.1907	0.1397	0.1756	0.1756	TRUE	0.2261
LOC126267280	395	680	798	673	407	827	961	1682	1359	1077	424	738	551	508	350	990	996	1432	973	2412	937.49	514	1361	2.158	1.109	4.325	1.52421845008367e-05	0.00170460529475473	0.1205	0.1434	0.1249	0.1249	TRUE	0.9633
LOC126299376	36	29	63	43	39	56	79	85	78	37	39	31	43	32	34	67	82	72	56	83	53.97	36	72	1.743	0.802	4.314	1.60420824790353e-05	0.00176488991956346	0	0.2045	0.0421	0.0421	TRUE	0.1733
LOC126334907	186	294	303	224	241	290	350	609	647	286	200	319	209	169	207	347	363	519	463	641	343.68	221	467	1.82	0.864	4.301	1.70241022972548e-05	0.00184296121829162	0.0571	0.1498	0.072	0.072	TRUE	0.255
LOC126266629	198	336	344	128	233	413	526	650	753	282	213	365	237	97	201	494	545	554	539	632	387.57	223	553	2.045	1.032	4.278	1.88171433910581e-05	0.00198932487787343	0.1014	0.1487	0.1104	0.1104	TRUE	0.981
LOC126268116	22	49	32	21	23	53	52	111	123	42	24	53	22	16	20	63	54	95	88	94	52.85	27	79	2.356	1.236	4.28	1.86734299157457e-05	0.00198932487787343	0.1159	0.2059	0.1363	0.1363	TRUE	0.8825
LOC126284413	70	134	156	100	79	167	175	263	236	102	75	145	108	76	68	200	181	224	169	228	147.45	94	200	1.826	0.869	4.282	1.85299634779264e-05	0.00198932487787343	0.0501	0.1634	0.0697	0.0697	TRUE	0.8626
LOC126293387	6	9	2	8	4	5	73	14	169	18	6	10	1	6	3	6	76	12	121	40	28.19	5	51	6.163	2.624	4.262	2.02886357909035e-05	0.00212826216684113	0.7407	0.2638	0.6098	0.6098	TRUE	0.1135
LOC126266892	2	4	4	5	1	17	8	36	20	4	2	4	3	4	1	20	8	31	14	9	9.65	3	16	4.348	2.12	4.236	2.27285339611923e-05	0.0023300191027489	0.1733	0.5025	0.2616	0.2616	TRUE	0.1791
LOC126342701	146	169	241	201	169	254	242	310	369	218	157	183	166	152	145	304	251	264	264	488	237.51	161	314	1.713	0.777	4.232	2.31563132716112e-05	0.00235314020682065	0.0393	0.1544	0.0567	0.0567	TRUE	0.9774
LOC126335501	350	497	616	420	448	560	650	837	934	278	376	539	425	317	386	670	674	713	668	623	539.14	409	670	1.528	0.612	4.221	2.42856258479658e-05	0.00243431917759017	0.0179	0.1461	0.0325	0.0325	TRUE	0.3693
LOC126336645	51	57	40	55	33	74	365	77	154	130	55	62	28	42	28	89	378	66	110	291	114.82	43	187	3.265	1.707	4.206	2.59946521447197e-05	0.00256758856074706	0.3325	0.1701	0.293	0.293	TRUE	0.1132
LOC126336208	0	0	0	1	1	3	16	6	6	15	0	0	0	1	1	4	17	5	4	34	6.48	0	13	11.934	3.577	4.197	2.70361721933374e-05	0.00265111218927711	0.7298	0.6798	0.7128	0.7128	TRUE	0.2612
LOC126322901	26	37	88	51	43	104	80	97	105	40	28	40	61	39	37	125	83	83	75	90	65.91	41	91	1.855	0.891	4.185	2.84797925453539e-05	0.00275361194793827	0.0444	0.1927	0.0716	0.0716	TRUE	0.6721
LOC126323151	24	88	102	158	69	172	385	165	244	177	26	95	70	119	59	206	399	141	175	396	168.71	74	263	2.703	1.435	4.183	2.88188086855279e-05	0.00275361194793827	0.2386	0.1604	0.2201	0.2201	TRUE	0.0744
LOC126355818	17	2	55	73	51	211	65	424	129	105	18	2	38	55	44	253	67	361	92	235	116.6	31	202	4.411	2.141	4.182	2.88954254069786e-05	0.00275361194793827	0.6031	0.1697	0.473	0.473	TRUE	0.0968
LOC126295079	2	6	3	3	3	13	43	10	18	7	2	7	2	2	3	16	45	9	13	16	11.28	3	20	4.423	2.145	4.174	2.99904919331078e-05	0.0028379813764952	0.2796	0.4499	0.3211	0.3211	TRUE	1.5566
LOC126284397	14	9	19	8	23	31	19	51	69	31	15	10	13	6	20	37	20	43	49	69	28.28	13	44	2.594	1.375	4.159	3.20317047297611e-05	0.00299162122754424	0.137	0.2634	0.168	0.168	TRUE	0.0991
LOC126365833	2798	4771	2977	4463	3127	5441	4049	13096	14391	5203	3005	5176	2055	3371	2692	6514	4198	11152	10299	11653	6011.43	3260	8763	2.137	1.095	4.158	3.20562428313564e-05	0.00299162122754424	0.1336	0.1402	0.1412	0.1412	TRUE	0.1887
LOC126284315	8	34	7	5	15	77	327	9	522	11	9	37	5	4	13	92	339	8	374	25	90.41	14	168	6.93	2.793	4.156	3.24098380968199e-05	0.00300390362415183	1.1895	0.1784	0.893	0.893	TRUE	0.0869
LOC126284563	3	9	4	8	13	28	18	16	44	69	3	10	3	6	11	34	19	14	31	155	28.48	7	51	4.905	2.294	4.144	3.41368479073616e-05	0.00312121503974606	0.6032	0.2625	0.5133	0.5133	TRUE	2.6233
LOC126336491	24	4	24	11	23	57	50	38	117	18	26	4	17	8	20	68	52	32	84	40	35.13	15	55	2.788	1.479	4.134	3.57029673463262e-05	0.00322088369420325	0.2024	0.2393	0.2124	0.2124	TRUE	0.1656
LOC126335256	913	1192	1460	1423	1033	1462	1415	2473	2074	1039	980	1293	1008	1075	889	1750	1467	2106	1484	2327	1438.02	1049	1827	1.585	0.664	4.132	3.59973087968731e-05	0.0032259310108562	0.0313	0.1421	0.0442	0.0442	TRUE	0.1316
LOC126281715	64	115	56	47	32	189	223	206	216	67	69	125	39	35	28	226	231	175	155	150	123.27	59	187	2.447	1.291	4.128	3.66705585472032e-05	0.00325838230595665	0.1936	0.168	0.1876	0.1876	TRUE	1.1505
LOC126282159	22	22	43	60	38	41	62	96	114	66	24	24	30	45	33	49	64	82	82	148	57.97	31	85	2.121	1.085	4.125	3.70817968605768e-05	0.00325838230595665	0.1007	0.2	0.1217	0.1217	TRUE	0.4639
LOC126284768	46	46	58	55	32	89	105	95	112	26	49	50	40	42	28	107	109	81	80	58	64.31	42	87	1.795	0.844	4.126	3.68595505490827e-05	0.00325838230595665	0.0327	0.1941	0.0648	0.0648	TRUE	0.1476
LOC126293753	9	3	8	9	1	19	7	57	30	45	10	3	6	7	1	23	7	49	21	101	22.69	5	40	4.822	2.27	4.1	4.1360499377205e-05	0.00356490622657541	0.5966	0.2939	0.5105	0.5105	TRUE	0.3002
LOC126343175	12984	13403	22949	19142	15907	16419	18574	32211	44250	9863	13943	14540	15842	14457	13695	19658	19259	27429	31667	22089	19257.99	14495	24020	1.528	0.612	4.073	4.63361422727588e-05	0.00387049800762328	0.0266	0.1398	0.0384	0.0384	TRUE	0.2101
LOC126268096	10	9	22	13	15	28	28	58	91	6	11	10	15	10	13	34	29	49	65	13	24.89	12	38	2.495	1.319	4.071	4.68504273983867e-05	0.00388944775187098	0.13	0.2803	0.1654	0.1654	TRUE	0.0994
LOC126267514	18	94	24	13	88	150	209	341	443	61	19	102	17	10	76	180	217	290	317	137	136.38	45	228	3.53	1.82	4.049	5.13292771100665e-05	0.00418426372200855	0.481	0.1653	0.395	0.395	TRUE	0.5305
LOC126336904	58	61	43	38	50	81	120	128	139	38	62	66	30	29	43	97	124	109	99	85	74.49	46	103	1.864	0.898	4.03	5.57796248858437e-05	0.00451981966440262	0.0642	0.1866	0.0884	0.0884	TRUE	0.3065
LOC126272289	43	88	92	62	97	137	127	207	195	249	46	95	64	47	84	164	132	176	140	558	150.47	67	234	2.547	1.349	4.023	5.7367111715837e-05	0.00459344234164915	0.2494	0.1629	0.2293	0.2293	TRUE	6.0016
LOC126335543	14	30	52	22	36	54	52	99	70	64	15	33	36	17	31	65	54	84	50	143	52.74	26	79	2.253	1.172	4.024	5.72000316307935e-05	0.00459344234164915	0.1449	0.206	0.1586	0.1586	TRUE	0.5362
LOC126355154	0	2	2	2	0	2	8	8	17	32	0	2	1	2	0	2	8	7	12	72	10.64	1	20	7.511	2.909	4.001	6.31187314092448e-05	0.00499486943526257	1.1203	0.4686	0.9031	0.9031	TRUE	2.9349
LOC126346648	7860	9988	12715	14931	10737	13555	13292	18506	25152	13067	8440	10836	8778	11277	9244	16229	13782	15759	18000	29265	14160.87	9715	18607	1.668	0.738	3.989	6.63334546084213e-05	0.00518857981364831	0.0629	0.1399	0.0663	0.0663	TRUE	1.277
LOC126335666	11	4	17	12	9	16	29	50	37	8	12	4	12	9	8	19	30	43	26	18	18.09	9	27	2.296	1.199	3.986	6.71138227967269e-05	0.00521944971313395	0.0621	0.3331	0.1295	0.1295	TRUE	0.2549
LOC126267292	389	384	392	547	278	430	689	1078	1088	906	418	417	271	413	239	515	714	918	779	2029	671.23	352	991	2.144	1.1	3.982	6.83846328624358e-05	0.00525784574940046	0.1732	0.1449	0.1672	0.1672	TRUE	1.1824
LOC126267358	0	1	39	20	4	36	33	111	243	53	0	1	27	15	3	43	34	95	174	119	51.1	9	93	5.246	2.391	3.979	6.93181064737784e-05	0.005269733802265	1.1039	0.2081	0.7683	0.7683	TRUE	0.4006
LOC126328249	500	627	968	661	647	702	957	1897	1708	1406	537	680	668	499	557	840	992	1615	1222	3149	1076.1	588	1564	2.054	1.039	3.979	6.90796753146737e-05	0.005269733802265	0.1512	0.1429	0.1494	0.1494	TRUE	0.7731
LOC126326510	111	160	239	166	199	186	236	355	332	171	119	174	165	125	171	223	245	302	238	383	214.47	151	278	1.621	0.697	3.969	7.21203595749076e-05	0.00545213802104832	0.0349	0.156	0.0531	0.0531	TRUE	0.3905
LOC126284500	24	77	53	46	62	98	136	125	130	160	26	84	37	35	53	117	141	106	93	358	105.02	47	163	2.508	1.326	3.968	7.25358730552473e-05	0.00545308574546448	0.2506	0.173	0.2323	0.2323	TRUE	2.6227
LOC126354299	5	17	2	15	17	3	139	74	222	25	5	18	1	11	15	4	144	63	159	56	47.68	10	85	4.692	2.23	3.951	7.79305940255634e-05	0.00582628065388908	0.8682	0.2131	0.6738	0.6738	TRUE	0.057
LOC126268220	43	75	86	39	63	83	109	171	157	129	46	81	59	29	54	99	113	146	112	289	102.99	54	152	2.111	1.078	3.943	8.05974388504744e-05	0.00595980624330393	0.1523	0.1736	0.1569	0.1569	TRUE	1.6496
LOC126347374	267	296	437	298	290	316	385	568	633	185	287	321	302	225	250	378	399	484	453	414	351.28	277	426	1.442	0.528	3.938	8.22115540273592e-05	0.00604612363640339	0.0124	0.1496	0.0272	0.0272	TRUE	0.1298
LOC126282264	2384	3209	5719	4250	2789	3776	4221	10229	9774	2837	2560	3481	3948	3210	2401	4521	4377	8710	6995	6354	4655.68	3120	6191	1.696	0.762	3.933	8.3743313072957e-05	0.0061213907144997	0.0637	0.1404	0.0756	0.0756	TRUE	0.1607
LOC126356050	19	7	29	21	25	32	46	46	68	13	20	8	20	16	22	38	48	39	49	29	28.84	17	41	1.9	0.926	3.932	8.4139718659248e-05	0.0061213907144997	0.016	0.261	0.0835	0.0835	TRUE	0.4194
LOC126282076	8	6	6	19	11	24	20	39	25	30	9	7	4	14	9	29	21	33	18	67	21.08	9	34	2.641	1.401	3.925	8.6577383601531e-05	0.00619875743331173	0.1882	0.3057	0.2167	0.2167	TRUE	0.5666
LOC126355755	107	88	191	95	115	121	269	247	231	98	115	95	132	72	99	145	279	210	165	219	153.19	103	204	1.689	0.756	3.896	9.78169472575052e-05	0.00693015146747937	0.052	0.1625	0.07	0.07	TRUE	0.1895
LOC126355786	22	21	35	26	18	31	35	60	76	51	24	23	24	20	15	37	36	51	54	114	39.88	21	58	2.046	1.033	3.887	0.00010167444111692	0.00716592988121957	0.1074	0.2274	0.1335	0.1335	TRUE	1.0561
LOC126267263	1416	1185	2887	1629	1881	2080	1816	5082	4701	1417	1521	1286	1993	1230	1619	2490	1883	4328	3364	3174	2288.74	1530	3048	1.691	0.758	3.884	0.000102628838832627	0.00719571734239953	0.0653	0.1412	0.0782	0.0782	TRUE	0.1402
LOC126334768	118	184	176	100	172	195	217	356	396	170	127	200	121	76	148	233	225	303	283	381	209.72	134	285	1.753	0.81	3.877	0.000105847046751243	0.0073831043125661	0.0737	0.1563	0.0889	0.0889	TRUE	0.5156
LOC126291991	70	80	93	92	69	181	306	129	171	52	75	87	64	69	59	217	317	110	122	116	123.77	71	176	1.932	0.95	3.873	0.000107317597068291	0.00744729088988777	0.1201	0.1679	0.1295	0.1295	TRUE	0.3435
LOC126272684	7	5	41	22	13	17	16	79	491	38	8	5	28	17	11	20	17	67	351	85	60.98	14	108	4.222	2.078	3.868	0.000109669641313695	0.00749519993059051	0.845	0.197	0.6663	0.6663	TRUE	1.2616
LOC126359535	304	388	510	472	422	491	484	708	828	193	326	421	352	356	363	588	502	603	593	432	453.66	364	544	1.409	0.494	3.868	0.000109602987560248	0.00749519993059051	0.011	0.1474	0.0251	0.0251	TRUE	0.138
LOC126334775	74	85	106	154	100	124	147	207	293	53	79	92	73	116	86	148	152	176	210	119	125.28	89	161	1.598	0.676	3.855	0.000115872880328044	0.00779249923420549	0.0302	0.1676	0.0513	0.0513	TRUE	0.1844
LOC126335707	18	4	11	5	7	7	12	246	244	6	19	4	8	4	6	8	12	209	175	13	45.94	8	83	4.853	2.279	3.856	0.000115474695995453	0.00779249923420549	1.1046	0.2158	0.8533	0.8533	TRUE	0.0664
LOC126347783	512	650	851	845	586	652	793	1186	1224	436	550	705	587	638	505	781	822	1010	876	976	745.03	597	893	1.405	0.49	3.854	0.000116323148485775	0.00779249923420549	0.0128	0.1443	0.0258	0.0258	TRUE	0.1208
LOC126355859	10	1	2	1	8	43	20	49	49	2	11	1	1	1	7	51	21	42	35	4	17.43	4	31	4.13	2.046	3.856	0.000115345236038786	0.00779249923420549	0.6795	0.3404	0.5656	0.5656	TRUE	0.2755
LOC126293415	13	14	17	15	16	27	27	28	38	21	14	15	12	11	14	32	28	24	27	47	22.44	13	32	1.846	0.885	3.84	0.000123272446256356	0.0081502549902849	0	0.2956	0.0704	0.0704	TRUE	0.2636
LOC126282253	3	1	18	12	11	19	23	25	37	65	3	1	12	9	9	23	24	21	26	146	27.52	7	48	3.708	1.891	3.832	0.000126878901339702	0.00825444852369641	0.6296	0.2668	0.526	0.526	TRUE	7.376
LOC126334614	110	212	175	75	82	275	299	378	386	126	118	230	121	57	71	329	310	322	276	282	211.57	119	304	1.948	0.962	3.834	0.000126323047367765	0.00825444852369641	0.1411	0.1562	0.1442	0.1442	TRUE	2.5149
LOC126268014	4	3	6	9	15	10	12	31	50	41	4	3	4	7	13	12	12	26	36	92	20.98	6	36	3.301	1.723	3.819	0.000134247076945696	0.00861581959156846	0.4505	0.3065	0.4132	0.4132	TRUE	0.5939
LOC126334606	87	92	193	104	91	141	155	193	232	124	93	100	133	79	78	169	161	164	166	278	142.1	97	188	1.645	0.718	3.818	0.000134343625023718	0.00861581959156846	0.0456	0.1643	0.0652	0.0652	TRUE	0.6551
LOC126267355	7236	5887	10867	11566	7894	7683	9478	18829	22056	6652	7770	6387	7502	8735	6796	9198	9828	16034	15784	14898	10293.21	7438	13148	1.566	0.647	3.808	0.000140055833777161	0.00878950823355856	0.0399	0.14	0.0558	0.0558	TRUE	0.096
LOC126278591	0	0	5	0	0	1	50	22	4	19	0	0	3	0	0	1	52	19	3	43	12.06	1	24	6.523	2.705	3.809	0.000139809327692527	0.00878950823355856	2.2901	0.4298	1.4105	1.4105	TRUE	0.381
LOC126335147	177	262	361	328	331	548	651	525	452	929	190	284	249	248	285	656	675	447	323	2081	543.84	251	836	2.309	1.207	3.81	0.000139168404137855	0.00878950823355856	0.2766	0.1461	0.2458	0.2458	TRUE	1.6331
LOC126336806	129	176	231	151	161	183	200	352	363	120	139	191	159	114	139	219	207	300	260	269	199.63	148	251	1.526	0.61	3.806	0.000140950715892222	0.00878960869794265	0.0244	0.1572	0.0426	0.0426	TRUE	0.2538
LOC126336387	0	0	0	4	1	1	9	517	0	474	0	0	0	3	1	1	9	440	0	1062	151.62	1	302	4.57	2.192	3.782	0.000155563910133881	0.00956859469059854	5.6129	0.1627	2.8603	5.6129	TRUE	0.29
LOC126354280	1	0	1	0	0	0	0	61	73	5	1	0	1	0	0	0	0	52	52	11	11.71	0	23	6.379	2.673	3.776	0.000159574379969725	0.00977086203506932	3.8516	0.4384	2.0328	2.0328	TRUE	0.0552
LOC126293423	18	22	16	17	22	18	18	130	134	46	19	24	11	13	19	22	19	111	96	103	43.59	17	70	2.632	1.396	3.774	0.000160640795983111	0.00979185248307865	0.3433	0.22	0.3132	0.3132	TRUE	0.0527
LOC126277894	11	28	28	22	28	24	8	157	304	105	12	30	19	17	24	29	8	134	218	235	72.57	20	125	3.39	1.761	3.767	0.000165513104320119	0.00999876485562436	0.6844	0.1879	0.5486	0.5486	TRUE	0.0392
LOC126336207	3	11	1	9	17	6	23	54	59	97	3	12	1	7	15	7	24	46	42	217	37.38	8	67	4.174	2.061	3.767	0.000165077937094708	0.00999876485562436	1.0144	0.2333	0.7801	0.7801	TRUE	1.4787
LOC126272572	5333	1606	2798	2108	435	13739	11302	24392	12881	979	5727	1742	1932	1592	375	16449	11719	20771	9218	2193	7171.67	2274	12070	3.112	1.638	3.763	0.000167591909670506	0.0100347509808021	0.5684	0.1401	0.4917	0.4917	TRUE	0.3132
LOC126336680	2	1	11	3	6	23	9	31	2	71	2	1	8	2	5	28	9	26	1	159	24.2	4	45	4.679	2.226	3.762	0.000168879751052735	0.0100673162609939	1.209	0.2843	0.9472	0.9472	TRUE	1.6865
LOC126281317	97	133	149	160	145	146	191	203	238	98	104	144	103	121	125	175	198	173	170	219	153.25	119	187	1.441	0.527	3.759	0.000170754424853009	0.0100901697690433	0.0074	0.1625	0.0281	0.0281	TRUE	0.1322
LOC126285405	492	462	662	574	445	684	672	866	831	510	528	501	457	434	383	819	697	737	595	1142	629.32	461	798	1.539	0.622	3.759	0.000170728942562827	0.0100901697690433	0.0364	0.1452	0.0512	0.0512	TRUE	0.5568
LOC126293671	0	4	15	6	3	23	10	24	25	19	0	4	10	5	3	28	10	20	18	43	14.06	4	24	3.033	1.601	3.755	0.000173088418303048	0.0101078190246526	0.3324	0.3886	0.352	0.352	TRUE	0.4503
LOC126293404	696	932	736	830	753	1000	1396	1744	1534	474	747	1011	508	627	648	1197	1448	1485	1098	1062	983.09	708	1258	1.563	0.644	3.745	0.00018061117046469	0.0104445741825991	0.0467	0.1432	0.0579	0.0579	TRUE	0.4543
LOC126354789	275	172	367	345	266	327	294	605	704	364	295	187	253	261	229	391	305	515	504	815	375.54	245	506	1.694	0.761	3.742	0.000182749603591967	0.0104526664165928	0.0778	0.149	0.0902	0.0902	TRUE	0.3624
LOC126273163	82	111	126	165	180	177	326	212	256	248	88	120	87	125	155	212	338	181	183	555	204.41	115	294	1.9	0.926	3.733	0.000188982747109997	0.0107000608112656	0.1484	0.1568	0.1501	0.1501	TRUE	0.492
LOC126281584	7	5	22	19	12	46	43	10	61	22	8	5	15	14	10	55	45	9	44	49	25.39	10	40	2.426	1.278	3.734	0.000188319186595439	0.0107000608112656	0.2455	0.2775	0.2534	0.2534	TRUE	1.2658
LOC126281482	0	4	1	10	1	2	43	34	9	43	0	4	1	8	1	2	45	29	6	96	19.21	3	36	4.665	2.222	3.73	0.000191406596287294	0.0107473612487953	1.351	0.3218	1.0042	1.0042	TRUE	0.2162
LOC126336731	5	18	16	16	10	13	37	302	2	134	5	20	11	12	9	16	38	257	1	300	66.93	11	122	4.328	2.114	3.725	0.000195058160677509	0.0108622511534488	1.3004	0.1919	0.9753	0.9753	TRUE	0.0565
LOC126272758	83	150	110	75	100	163	259	206	217	112	89	163	76	57	86	195	269	175	155	251	151.58	94	209	1.757	0.813	3.711	0.000206643047798897	0.0113210272178732	0.0956	0.1627	0.1084	0.1084	TRUE	0.5284
LOC126284858	96	177	231	142	168	468	411	319	290	96	103	192	159	107	145	560	426	272	208	215	238.71	141	336	1.823	0.867	3.711	0.000206302152681219	0.0113210272178732	0.126	0.1543	0.1317	0.1317	TRUE	0.1982
LOC126278111	73	97	136	78	96	118	114	172	223	65	78	105	94	59	83	141	118	146	160	146	113.02	84	142	1.518	0.603	3.705	0.000211647275287833	0.0115387489585376	0.019	0.1706	0.0421	0.0421	TRUE	0.2912
LOC126268660	0	2	3	1	1	73	64	4	1	0	0	2	2	1	1	87	66	3	1	0	16.37	1	31	5.232	2.387	3.696	0.000219023064704228	0.0117786410133828	2.2846	0.3534	1.5844	1.5844	TRUE	0.0725
LOC126281210	47	64	81	77	58	87	113	126	138	28	50	69	56	58	50	104	117	107	99	63	77.4	57	98	1.544	0.626	3.697	0.000217779120204338	0.0117786410133828	0.01	0.1849	0.0439	0.0439	TRUE	0.2627
LOC126299109	1759	2299	1462	1973	1541	2046	3105	4788	4517	1463	1889	2494	1009	1490	1327	2450	3220	4077	3233	3277	2446.45	1642	3251	1.65	0.722	3.696	0.000219348029513188	0.0117786410133828	0.0759	0.1411	0.0851	0.0851	TRUE	0.6415
LOC126335161	2	2	3	0	3	7	9	18	16	2	2	2	2	0	3	8	9	15	11	4	5.79	2	9	3.123	1.643	3.691	0.00022326646730266	0.0119416673341486	0	0.7437	0.2622	0.2622	TRUE	0.2108
LOC126267457	3	2	0	2	2	9	7	27	3	16	3	2	0	2	2	11	7	23	2	36	8.76	2	16	3.9	1.964	3.684	0.000229226210124748	0.0121642708839533	0.6418	0.5391	0.6114	0.6114	TRUE	0.1135
LOC126354796	7	14	10	7	7	26	24	20	22	18	8	15	7	5	6	31	25	17	16	40	17	8	26	2.124	1.087	3.685	0.000229010534704736	0.0121642708839533	0.0994	0.3455	0.1605	0.1605	TRUE	0.2449
LOC126335083	499	422	938	491	873	685	841	1511	1991	423	536	458	648	371	752	820	872	1287	1425	947	811.46	553	1070	1.628	0.703	3.682	0.000231482105624196	0.012235999426979	0.0671	0.144	0.0793	0.0793	TRUE	0.1573
LOC126281866	1	0	0	4	1	11	7	7	5	16	1	0	0	3	1	13	7	6	4	36	7.08	1	13	4.297	2.103	3.68	0.000233470303305386	0.0122930744915505	0.714	0.6343	0.687	0.687	TRUE	0.65
LOC126267420	25	13	26	5	13	24	38	66	48	108	27	14	18	4	11	29	39	56	34	242	47.44	15	80	2.961	1.566	3.677	0.000236296820264823	0.0122983406608599	0.5851	0.2134	0.4859	0.4859	TRUE	4.7625
LOC126284203	262	210	416	254	284	280	385	479	665	342	281	228	287	192	245	335	399	408	476	766	361.69	247	477	1.622	0.698	3.677	0.000235598787003565	0.0122983406608599	0.0622	0.1493	0.0765	0.0765	TRUE	0.9812
LOC126332220	116	77	69	376	78	136	1872	442	580	149	125	84	48	284	67	163	1941	376	415	334	383.59	122	646	2.939	1.555	3.675	0.000237592086833667	0.0123183759349931	0.6502	0.1488	0.5126	0.5126	TRUE	3.0998
LOC126324985	86	67	102	130	117	119	157	163	190	127	92	73	70	98	101	142	163	139	136	284	129.88	87	173	1.639	0.713	3.673	0.000240169381910048	0.0123351346671951	0.0572	0.1666	0.0763	0.0763	TRUE	1.1679
LOC126354793	121	140	200	119	146	213	215	207	253	121	130	152	138	90	126	255	223	176	181	271	174.17	127	221	1.53	0.614	3.672	0.000240649981683381	0.0123351346671951	0.031	0.1597	0.0499	0.0499	TRUE	0.1443
LOC126317678	1	1	2	7	1	4	0	21	37	50	1	1	1	5	1	5	0	18	26	112	17.08	2	32	4.517	2.175	3.662	0.000250394556646897	0.0125419489781365	1.6102	0.3445	1.1946	1.1946	TRUE	0.885
LOC126335705	3	3	4	6	5	9	12	19	19	4	3	3	3	5	4	11	12	16	14	9	8	4	12	2.267	1.181	3.665	0.000247573056198227	0.0125419489781365	0	0.577	0.1285	0.1285	TRUE	0.1265
LOC126335709	118	111	169	511	151	141	1093	666	594	426	127	120	117	386	130	169	1133	567	425	954	412.82	176	650	2.334	1.223	3.66	0.000252099476947468	0.0125419489781365	0.3703	0.1481	0.3144	0.3144	TRUE	0.1637
LOC126278346	163	183	277	180	229	229	269	475	578	582	175	199	191	136	197	274	279	404	414	1303	357.26	180	535	2.039	1.028	3.653	0.000259663277525874	0.0128239542754749	0.2391	0.1494	0.2185	0.2185	TRUE	3.5799
LOC126336120	4	14	31	21	14	17	25	55	76	92	4	15	21	16	12	20	26	47	54	206	42.23	14	71	2.804	1.487	3.653	0.000259511433845	0.0128239542754749	0.5299	0.2225	0.4487	0.4487	TRUE	1.7732
LOC126266827	52	14	48	57	33	109	107	241	67	27	56	15	33	43	28	130	111	205	48	60	73.07	35	111	2.113	1.079	3.643	0.000269175254298826	0.0131497456359989	0.2468	0.1875	0.2327	0.2327	TRUE	0.186
LOC126336548	13	15	37	44	8	22	41	117	65	114	14	16	26	33	7	26	43	100	47	255	56.62	19	94	2.715	1.441	3.639	0.00027351526810215	0.0132186021712796	0.5235	0.2015	0.439	0.439	TRUE	0.7536
LOC126355870	0	0	0	0	0	7	3	6	11	0	0	0	0	0	0	8	3	5	8	0	2.45	0	5	4.771	2.254	3.639	0.000273500157749145	0.0132186021712796	0.3266	1.5698	1.124	1.124	TRUE	0.0587
LOC126272826	8	1	1	7	8	7	12	49	29	20	9	1	1	5	7	8	12	42	21	45	15.06	5	26	2.948	1.56	3.63	0.000283464762661197	0.0135683518218562	0.4853	0.372	0.4504	0.4504	TRUE	0.0609
LOC126278342	508	456	894	864	566	628	884	1367	1071	367	546	495	617	653	487	752	917	1164	766	822	721.81	560	884	1.442	0.528	3.628	0.000285131680155287	0.0135683518218562	0.0251	0.1445	0.0383	0.0383	TRUE	0.3857
LOC126284271	1508	1052	6181	1946	1348	3520	4115	7055	6069	3000	1619	1141	4267	1470	1161	4214	4267	6008	4343	6719	3520.87	1932	5110	1.894	0.921	3.626	0.000287953953665125	0.0136244507027849	0.1903	0.1406	0.1795	0.1795	TRUE	2.1856
LOC126291604	119	83	365	365	242	197	186	749	930	1792	128	90	252	276	208	236	193	638	666	4013	669.93	191	1149	3.022	1.596	3.625	0.00028934364873761	0.0136425026296771	0.7926	0.1449	0.6098	0.6098	TRUE	3.4635
LOC126334545	442	314	430	344	1152	1046	770	1181	1968	1201	475	341	297	260	992	1252	798	1006	1408	2690	951.83	473	1431	2.038	1.027	3.619	0.000296006664842696	0.0138600767773404	0.2598	0.1433	0.2326	0.2326	TRUE	1.0505
LOC126365875	121	83	144	91	75	136	253	281	148	96	130	90	99	69	65	163	262	239	106	215	143.8	91	197	1.711	0.775	3.618	0.000297245794448232	0.0138701037602534	0.0947	0.164	0.1077	0.1077	TRUE	0.1893
LOC126267269	152	100	168	143	156	203	131	403	433	580	163	108	116	108	134	243	136	343	310	1299	296.09	126	466	2.287	1.194	3.615	0.000299799242895676	0.013941179913623	0.3781	0.1515	0.3212	0.3212	TRUE	2.2147
LOC126284811	1	2	13	17	3	57	79	17	26	4	1	2	9	13	3	68	82	14	19	9	21.98	6	38	3.167	1.663	3.61	0.000306041918005887	0.0141827371043002	0.741	0.2989	0.6119	0.6119	TRUE	0.091
LOC126333554	156	227	212	156	185	269	299	324	334	198	168	246	146	118	159	322	310	276	239	443	242.77	167	318	1.594	0.673	3.604	0.000313029247465625	0.0143590229718808	0.0583	0.1541	0.0741	0.0741	TRUE	0.6089
LOC126267157	156	178	229	224	187	170	270	272	383	115	168	193	158	169	161	204	280	232	274	258	209.56	170	250	1.371	0.455	3.59	0.000330521316842441	0.0148591842508701	0.0072	0.1563	0.024	0.024	TRUE	0.1176
LOC126282243	118	33	146	128	71	284	101	187	233	581	127	36	101	97	61	340	105	159	167	1301	249.3	84	414	2.638	1.4	3.584	0.000338864241275738	0.0151336993826511	0.609	0.1537	0.4855	0.4855	TRUE	2.2601
LOC126345116	5	37	60	56	42	34	97	79	160	321	5	40	41	42	36	41	101	67	115	719	120.74	33	209	2.965	1.568	3.578	0.000345617761732145	0.0153845379992085	0.8273	0.1686	0.6404	0.6404	TRUE	5.4539
LOC126335724	358	608	628	634	461	582	987	1109	1233	1717	384	660	434	479	397	697	1023	944	882	3845	974.57	471	1478	2.049	1.035	3.577	0.000348017988457283	0.0154405882616523	0.2891	0.1432	0.2543	0.2543	TRUE	8.191
LOC126267478	1179	3273	2206	3525	1378	1703	7712	6390	20273	2055	1266	3551	1523	2662	1186	2039	7997	5441	14508	4602	4477.58	2038	6917	2.136	1.095	3.571	0.000355459485989488	0.015617135598733	0.3634	0.1404	0.2926	0.2926	TRUE	0.2802
LOC126291424	37	48	119	191	80	83	80	262	330	848	40	52	82	144	69	99	83	223	236	1899	292.79	77	508	3.005	1.588	3.571	0.000355113956270365	0.015617135598733	0.8968	0.1516	0.6848	0.6848	TRUE	7.7764
LOC126355501	18	1	22	24	32	25	12	33	139	305	19	1	15	18	28	30	12	28	99	683	93.43	16	170	3.571	1.836	3.573	0.000353583848821596	0.015617135598733	1.4117	0.1771	1.0461	1.0461	TRUE	4.4808
LOC126298650	61	492	406	124	208	532	1577	852	848	307	66	534	280	94	179	637	1635	726	607	688	544.43	231	859	2.25	1.17	3.57	0.00035695391434407	0.0156320400288154	0.4028	0.1461	0.3369	0.3369	TRUE	3.9218
LOC126267222	3837	4786	5850	6175	3460	5286	6714	8893	8675	2569	4120	5192	4038	4664	2979	6329	6962	7573	6208	5754	5381.83	4199	6565	1.425	0.51	3.553	0.000380481263029104	0.0163970460232797	0.0249	0.1403	0.0394	0.0394	TRUE	0.3281
LOC126334906	85	122	152	80	101	106	164	258	234	120	91	132	105	60	87	127	170	220	167	269	142.88	95	191	1.623	0.699	3.549	0.000386335592982874	0.0164917767957232	0.0695	0.1641	0.0871	0.0871	TRUE	0.1609
LOC126332318	53	25	2	45	8	71	691	15	151	104	57	27	1	34	7	85	716	13	108	233	128.15	25	231	3.32	1.731	3.544	0.000393930646067688	0.0167631116433584	1.2982	0.167	0.9575	0.9575	TRUE	0.6508
LOC126272460	2	0	1	1	1	9	4	3	12	8	2	0	1	1	1	11	4	3	9	18	4.84	1	9	3.343	1.741	3.539	0.000402215389296065	0.0170620020312049	0	0.8623	0.4496	0.4496	TRUE	0.1146
LOC126272886	37	62	59	27	45	57	101	107	106	48	40	67	41	20	39	68	105	91	76	108	65.43	41	90	1.682	0.75	3.535	0.000408216736420286	0.0171552449603705	0.0784	0.1931	0.1025	0.1025	TRUE	0.5313
LOC126267550	315	2891	2739	869	1209	2166	5634	4771	5595	5533	338	3136	1891	656	1041	2593	5842	4063	4004	12392	3595.62	1412	5779	2.319	1.214	3.532	0.00041280798646593	0.0172944819593095	0.5412	0.1406	0.3973	0.3973	TRUE	0.8035
LOC126278127	113	113	90	115	125	146	468	123	237	481	121	123	62	87	108	175	485	105	170	1077	251.22	100	402	2.294	1.198	3.531	0.000414544000669785	0.0173136093119245	0.4605	0.1536	0.381	0.381	TRUE	0.5282
LOC126354054	45	50	121	73	49	78	104	148	157	36	48	54	84	55	42	93	108	126	112	81	80.36	57	104	1.555	0.637	3.521	0.000429431834594812	0.0178253729623834	0.0364	0.1832	0.0617	0.0617	TRUE	0.5867
LOC126283971	5	3	8	15	9	13	17	25	25	10	5	3	6	11	8	16	18	21	18	22	12.8	7	19	1.879	0.91	3.519	0.000433631905058715	0.0179446695390047	0	0.4131	0.1143	0.1143	TRUE	0.5172
LOC126335342	348	305	412	427	354	367	471	621	754	166	374	331	284	322	305	439	488	529	540	372	398.42	323	474	1.366	0.449	3.513	0.00044279472056285	0.0182679821910259	0.0128	0.1484	0.0278	0.0278	TRUE	0.1504
LOC126355467	31	27	27	35	43	88	57	137	96	11	33	29	19	26	37	105	59	117	69	25	51.91	29	75	1.828	0.871	3.51	0.000447449161078797	0.0184038968015753	0.1534	0.2071	0.166	0.166	TRUE	0.1038
LOC126267504	726	632	1118	1095	936	771	1101	1498	1354	496	780	686	772	827	806	923	1142	1276	969	1111	929	774	1084	1.316	0.396	3.505	0.000456316730770132	0.0186186676080386	0.0095	0.1434	0.0219	0.0219	TRUE	0.1223
LOC126344463	11	6	17	3	8	5	15	76	25	74	12	7	12	2	7	6	16	65	18	166	30.91	8	54	2.874	1.523	3.506	0.000455333521991356	0.0186186676080386	0.8391	0.2529	0.6799	0.6799	TRUE	0.5032
LOC126267326	41	58	73	52	58	43	88	120	188	93	44	63	50	39	50	51	91	102	135	208	83.43	49	117	1.738	0.797	3.501	0.0004633864795996	0.0188304679938192	0.1232	0.1816	0.1371	0.1371	TRUE	0.2272
LOC126332302	229	89	15	124	51	198	2420	73	494	286	246	97	10	94	44	237	2509	62	354	641	429.29	98	761	2.978	1.575	3.494	0.000475063760561548	0.0192471940356852	1.1488	0.1478	0.8545	0.8545	TRUE	1.2045
LOC126284517	16	13	24	27	19	29	46	75	90	5	17	14	17	20	16	35	48	64	64	11	30.65	17	44	1.827	0.869	3.475	0.000511326651675592	0.0205930721740301	0.1306	0.2538	0.1625	0.1625	TRUE	0.1631
LOC126336798	1068	975	1706	1718	1475	1169	1665	2754	2280	838	1147	1058	1178	1298	1270	1400	1726	2345	1632	1877	1492.93	1190	1796	1.384	0.469	3.473	0.000514774007763398	0.0206703913147012	0.0217	0.142	0.0344	0.0344	TRUE	0.3559
LOC126278977	472	652	1004	1070	823	1111	867	1346	1348	876	507	707	693	808	709	1330	899	1146	965	1962	972.58	685	1260	1.543	0.626	3.471	0.000519155871445854	0.0207233547268593	0.0628	0.1432	0.0756	0.0756	TRUE	0.5666
LOC126278664	228	334	348	312	392	348	606	573	739	160	245	362	240	236	337	417	628	488	529	358	384.07	284	484	1.488	0.573	3.465	0.00053119649106625	0.0210796214577962	0.0425	0.1488	0.0571	0.0571	TRUE	0.159
LOC126365834	125	595	765	529	312	378	240	7483	920	2117	134	645	528	400	269	453	249	6372	658	4741	1444.91	395	2495	2.671	1.417	3.457	0.000545517952958069	0.0214643233792716	0.9382	0.1421	0.7086	0.7086	TRUE	0.0984
LOC126335165	19	10	8	12	27	56	52	52	93	4	20	11	6	9	23	67	54	44	67	9	30.98	14	48	2.07	1.05	3.451	0.000558154595423117	0.0218926028558424	0.3091	0.2526	0.2934	0.2934	TRUE	0.351
LOC126299547	110	122	136	146	145	160	237	171	222	97	118	132	94	110	125	192	246	146	159	217	153.85	116	192	1.457	0.543	3.445	0.00057098218247849	0.022202674980744	0.0271	0.1624	0.046	0.046	TRUE	0.1415
LOC126281273	71	62	80	49	118	85	89	243	219	270	76	67	55	37	102	102	92	207	157	605	149.97	67	233	2.022	1.016	3.438	0.000585972210978341	0.0226268711961203	0.3615	0.163	0.3123	0.3123	TRUE	1.5094
LOC126294962	451	618	648	1043	425	563	1012	1352	1860	1822	484	670	447	788	366	674	1049	1151	1331	4081	1104.21	551	1657	1.9	0.926	3.438	0.000586907463038592	0.0226268711961203	0.29	0.1428	0.2549	0.2549	TRUE	2.232
LOC126273186	1670	1699	2864	2709	1644	1963	2330	3664	3886	1112	1793	1843	1977	2046	1415	2350	2416	3120	2781	2490	2223.26	1815	2631	1.344	0.426	3.43	0.000602580883444978	0.0229170848239786	0.0159	0.1412	0.0289	0.0289	TRUE	0.1875
LOC126284447	14	12	22	36	25	6	14	132	128	163	15	13	15	27	22	7	15	112	92	365	68.27	18	118	2.612	1.385	3.429	0.000605603835053521	0.0229170848239786	0.8981	0.1909	0.7003	0.7003	TRUE	0.5502
LOC126293537	10	22	6	25	20	12	110	53	107	17	11	24	4	19	17	14	114	45	77	38	36.31	15	58	2.135	1.094	3.43	0.000604505444419117	0.0229170848239786	0.3929	0.2361	0.3525	0.3525	TRUE	0.1389
LOC126313189	24	10	33	19	24	90	13	19	23	306	26	11	23	14	21	108	13	16	16	685	93.36	19	168	2.88	1.526	3.429	0.00060470925735048	0.0229170848239786	1.3074	0.1771	0.9825	0.9825	TRUE	3.6134
LOC126354239	243	379	425	337	325	490	497	549	524	394	261	411	293	255	280	587	515	467	375	882	432.67	300	565	1.551	0.633	3.431	0.000601560412205604	0.0229170848239786	0.0688	0.1477	0.082	0.082	TRUE	0.4948
LOC126285284	0	0	1	0	0	0	0	20	39	6	0	0	1	0	0	0	0	17	28	13	5.91	0	12	3.078	1.622	3.424	0.000617568900414842	0.0231494248210904	4.3718	0.7322	2.1667	2.1667	TRUE	0.0754
LOC126269449	4	19	28	18	16	18	39	77	50	16	4	21	19	14	14	22	40	66	36	36	27.08	14	40	1.825	0.868	3.42	0.000626073174388453	0.0233852055788129	0.147	0.2689	0.1785	0.1785	TRUE	0.3256
LOC126271928	995	1103	2025	1787	1439	1359	1442	2463	2462	851	1068	1197	1398	1350	1239	1627	1495	2097	1762	1906	1513.89	1250	1777	1.324	0.405	3.42	0.000627315225030231	0.0233852055788129	0.0133	0.142	0.0257	0.0257	TRUE	0.1267
LOC126301646	0	0	0	1	0	3	1	3	4	11	0	0	0	1	0	4	1	3	3	25	3.54	0	7	3.171	1.665	3.417	0.000632684710080104	0.0235205755406703	1.2866	1.1273	1.2273	1.2273	TRUE	2.7109
LOC126301292	15	15	38	18	79	18	32	59	280	813	16	16	26	14	68	22	33	50	200	1821	226.64	28	425	3.103	1.633	3.416	0.00063501865275259	0.0235426641343782	1.5641	0.1551	1.1435	1.5641	TRUE	6.8512
LOC126284693	0	0	0	0	0	0	2	19	10	2	0	0	0	0	0	0	2	16	7	4	2.99	0	6	3.062	1.614	3.407	0.000656203526910743	0.0242616014375852	2.2911	1.3107	1.7322	1.7322	TRUE	0.2111
LOC126268046	3	2	7	4	2	322	248	1	1	0	3	2	5	3	2	386	257	1	1	0	65.92	3	129	2.981	1.576	3.399	0.00067611229815571	0.024827108251326	2.905	0.1927	1.9537	2.905	TRUE	0.0989
LOC126268222	44	28	63	53	72	121	98	72	80	80	47	30	43	40	62	145	102	61	57	179	76.73	44	109	1.706	0.771	3.399	0.000677002877973638	0.024827108251326	0.1427	0.1853	0.1516	0.1516	TRUE	0.1074
LOC126328190	7	24	34	29	21	23	18	111	125	46	8	26	23	22	18	28	19	95	89	103	43.02	19	67	1.98	0.985	3.399	0.000675562217032038	0.024827108251326	0.3185	0.221	0.2942	0.2942	TRUE	0.0705
LOC126278137	1613	1460	3657	4267	2400	6459	2999	11607	12918	802	1732	1584	2525	3223	2066	7733	3110	9884	9245	1796	4289.68	2226	6354	1.829	0.871	3.397	0.000682435425227851	0.0248914182592541	0.2682	0.1405	0.2381	0.2381	TRUE	0.0807
LOC126336547	62	47	76	139	56	69	23	373	442	391	67	51	52	105	48	83	24	318	316	876	193.93	65	323	2.305	1.205	3.387	0.000705854925472188	0.0254116162932441	0.7052	0.1577	0.5538	0.5538	TRUE	0.3592
LOC126354154	86	261	208	226	205	286	559	399	500	112	92	283	144	171	176	342	580	340	358	251	273.67	173	374	1.632	0.707	3.388	0.000702892347165955	0.0254116162932441	0.1188	0.1524	0.1256	0.1256	TRUE	0.7779
LOC126299529	289	292	399	391	314	332	396	613	498	281	310	317	275	295	270	397	411	522	356	629	378.4	293	463	1.408	0.493	3.373	0.000743618067954253	0.0266207399353358	0.0262	0.1489	0.0421	0.0421	TRUE	0.2724
LOC126284820	1048	1121	3362	1352	758	2874	2149	3280	2900	1432	1125	1216	2321	1021	653	3441	2228	2793	2075	3207	2008.08	1267	2749	1.627	0.702	3.371	0.000749928943088378	0.0267053643628209	0.1287	0.1414	0.1313	0.1313	TRUE	0.7594
LOC126335140	45	58	54	31	49	33	94	147	161	59	48	63	37	23	42	40	97	125	115	132	72.36	43	102	1.689	0.756	3.371	0.000749485751208706	0.0267053643628209	0.1401	0.188	0.1505	0.1505	TRUE	0.657
LOC126277867	92	106	201	130	130	153	193	328	170	104	99	115	139	98	112	183	200	279	122	233	157.98	113	203	1.506	0.591	3.359	0.000782925303209114	0.0276619979191272	0.0526	0.1618	0.0698	0.0698	TRUE	0.1602
LOC126268144	37	38	66	60	54	70	73	91	76	31	40	41	46	45	46	84	76	77	54	69	57.91	44	72	1.439	0.525	3.351	0.000804718535033145	0.0283523178092449	0	0.2001	0.0366	0.0366	TRUE	0.2233
LOC126365881	4	1	3	6	2	1	2	99	5	30	4	1	2	5	2	1	2	84	4	67	17.2	3	32	2.745	1.457	3.351	0.000806654031670063	0.0283523178092449	1.4541	0.3431	1.1441	1.1441	TRUE	0.0747
LOC126355146	359	538	621	521	560	589	729	1160	932	1254	386	584	429	393	482	705	756	988	667	2808	819.78	455	1185	1.734	0.794	3.349	0.000811342688786105	0.0284432364369264	0.2194	0.1439	0.2024	0.2024	TRUE	4.9024
LOC126336593	28	53	39	58	71	111	153	103	157	18	30	57	27	44	61	133	159	88	112	40	75.13	44	106	1.691	0.758	3.344	0.000826547206077715	0.0289013870610947	0.1562	0.1862	0.1631	0.1631	TRUE	0.1518
LOC126267505	570	517	918	977	814	882	937	1079	1069	637	612	561	634	738	701	1056	972	919	765	1427	838.34	649	1028	1.407	0.493	3.34	0.000836410868756248	0.0290625189355344	0.0332	0.1438	0.0455	0.0455	TRUE	0.4558
LOC126282131	0	0	0	0	0	0	1	84	135	4	0	0	0	0	0	0	1	72	97	9	17.81	0	36	2.087	1.062	3.34	0.000837598461783804	0.0290625189355344	5.5122	0.3361	2.263	5.5122	TRUE	0.0694
LOC126356359	2	3	2	10	4	10	5	20	20	14	2	3	1	8	3	12	5	17	14	31	9.76	3	16	2.107	1.075	3.34	0.000837594848764576	0.0290625189355344	0.2454	0.4981	0.3165	0.3165	TRUE	0.2795
LOC126267627	43	97	50	121	39	114	163	316	70	224	46	105	35	91	34	136	169	269	50	502	143.72	62	225	1.955	0.967	3.327	0.00087681638489078	0.0298117570862865	0.4299	0.164	0.3627	0.3627	TRUE	0.2677
LOC126272353	23	14	27	35	39	28	59	50	63	29	25	15	19	26	34	34	61	43	45	65	36.58	24	50	1.577	0.658	3.318	0.000905988394161172	0.0304971018651467	0.0455	0.2353	0.0874	0.0874	TRUE	0.1327
LOC126291654	124	121	221	135	146	182	162	230	262	144	133	131	153	102	126	218	168	196	187	323	173.64	129	218	1.447	0.533	3.304	0.000952110083208415	0.031938060635377	0.036	0.1598	0.0551	0.0551	TRUE	0.6669
LOC126335571	11	8	27	11	10	30	33	76	36	4	12	9	19	8	9	36	34	65	26	9	22.56	11	34	1.813	0.859	3.303	0.000956906394713229	0.031938060635377	0.2089	0.2948	0.2307	0.2307	TRUE	0.1816
LOC126348744	2	3	5	4	3	3	6	21	9	27	2	3	3	3	3	4	6	18	6	60	10.91	3	19	2.309	1.207	3.303	0.000954926372146513	0.031938060635377	0.6205	0.4606	0.5815	0.5815	TRUE	1.1621
LOC126281794	1	0	4	2	1	1	0	19	4	51	1	0	3	2	1	1	0	16	3	114	14.07	1	27	2.646	1.404	3.301	0.000963297521295565	0.0320278674647951	2.4652	0.3885	1.7344	1.7344	TRUE	3.1395
LOC126271934	21	32	56	55	35	50	52	63	80	34	23	35	39	42	30	60	54	54	57	76	46.84	34	60	1.475	0.561	3.296	0.000981147607023899	0.0325413956329593	0.0055	0.2144	0.0498	0.0498	TRUE	0.2173
LOC126267547	33	19	71	165	157	71	69	151	363	893	35	21	49	125	135	85	72	129	260	2000	290.97	73	509	2.326	1.218	3.282	0.00103023934632935	0.0339201918115056	1.1608	0.1517	0.866	0.866	TRUE	7.8763
LOC126332098	1512	913	188	1137	569	594	13060	1122	6359	1242	1624	990	130	859	490	711	13542	955	4551	2782	2663.34	819	4508	2.18	1.124	3.276	0.00105382346993543	0.0344612926153927	0.9211	0.141	0.6777	0.6777	TRUE	0.6727
LOC126335419	1136	1603	2076	2104	1236	1991	2184	2652	3003	751	1220	1739	1433	1589	1064	2384	2265	2258	2149	1682	1778.28	1409	2148	1.371	0.456	3.275	0.00105602995558022	0.0344612926153927	0.026	0.1416	0.0409	0.0409	TRUE	0.2307
LOC126353834	2	0	1	3	0	1	0	17	28	25	2	0	1	2	0	1	0	14	20	56	9.68	1	18	2.549	1.35	3.275	0.00105686051103961	0.0344612926153927	2.1012	0.5012	1.4524	1.4524	TRUE	0.3037
LOC126334853	47	378	209	99	90	300	1359	535	462	180	50	410	144	75	77	359	1409	456	331	403	371.47	151	592	1.951	0.964	3.272	0.00106642435407933	0.0346895537485613	0.5329	0.1491	0.4303	0.4303	TRUE	8.95
LOC126266642	210	259	329	283	269	288	319	384	390	160	226	281	227	214	232	345	331	327	279	358	281.89	236	328	1.291	0.368	3.268	0.00108260675481585	0.0350859117462189	0.0066	0.1521	0.0215	0.0215	TRUE	0.1251
LOC126284748	95	427	797	898	591	245	436	1846	1654	5035	102	463	550	678	509	293	452	1572	1184	11276	1708	460	2955	2.252	1.171	3.268	0.00108379479086015	0.0350859117462189	1.0833	0.1417	0.8076	0.8076	TRUE	4.7139
LOC126323183	1	1	9	26	3	38	52	17	12	31	1	1	6	20	3	45	54	14	9	69	22.25	6	38	2.201	1.138	3.257	0.00112545725834821	0.0360039896453144	0.8445	0.297	0.6798	0.6798	TRUE	0.3427
LOC126298352	849	817	1256	1880	1005	1185	1518	2197	1805	1175	912	886	867	1420	865	1419	1574	1871	1292	2632	1373.71	990	1758	1.472	0.558	3.246	0.00116856187405237	0.0371388230849781	0.0647	0.1422	0.077	0.077	TRUE	0.548
LOC126336672	20	15	25	23	11	32	16	70	43	32	21	16	17	17	9	38	17	60	31	72	29.88	16	44	1.68	0.748	3.247	0.00116794242639272	0.0371388230849781	0.1547	0.2568	0.178	0.178	TRUE	0.0779
LOC126342685	1097	1315	1908	1387	1571	1473	1614	2674	2930	2094	1178	1427	1317	1048	1353	1764	1674	2277	2097	4690	1882.25	1265	2500	1.533	0.617	3.246	0.00116916484142778	0.0371388230849781	0.1023	0.1415	0.1094	0.1094	TRUE	2.4957
LOC126292309	82	110	129	178	138	131	208	218	249	275	88	119	89	134	119	157	216	186	178	616	190.19	110	271	1.643	0.716	3.245	0.00117600835092875	0.0372464147380679	0.1904	0.1581	0.1833	0.1833	TRUE	5.2344
LOC126336713	591	793	4332	2344	950	2814	1838	6159	5999	2063	635	860	2991	1770	818	3369	1906	5245	4293	4620	2650.66	1415	3887	1.705	0.77	3.244	0.00118008366321694	0.0372464147380679	0.2976	0.141	0.2421	0.2421	TRUE	1.0325
LOC126267981	6	3	10	11	26	17	15	62	29	37	6	3	7	8	22	20	16	53	21	83	23.96	9	39	1.927	0.946	3.242	0.00118583502852928	0.0372642111640493	0.4273	0.2857	0.3904	0.3904	TRUE	0.3048
LOC126354416	551	641	1178	896	1019	825	1007	1695	1648	1345	592	695	813	677	877	988	1044	1443	1179	3012	1132.12	731	1533	1.563	0.644	3.242	0.00118688109752477	0.0372642111640493	0.1257	0.1427	0.1291	0.1291	TRUE	2.1896
LOC126353910	220	205	296	200	204	206	297	390	446	124	236	222	204	151	176	247	308	332	319	278	247.32	198	297	1.357	0.44	3.238	0.0012052275654541	0.0377526375364002	0.0187	0.1538	0.0358	0.0358	TRUE	0.2023
LOC126336566	93	152	174	102	109	168	192	209	262	73	100	165	120	77	94	201	199	178	187	163	148.49	111	186	1.436	0.522	3.237	0.00120936339431583	0.0377947008126602	0.0367	0.1632	0.057	0.057	TRUE	0.7176
LOC126276148	550	631	1369	1615	932	886	1125	2399	2139	4521	591	685	945	1220	802	1061	1167	2043	1531	10125	2016.85	849	3185	1.883	0.913	3.235	0.00121435054054182	0.0378631140889676	0.5167	0.1414	0.4169	0.4169	TRUE	7.4164
LOC126336435	3922	2818	3943	2250	4997	3465	5714	10937	6787	4602	4212	3057	2722	1699	4302	4148	5925	9313	4857	10307	5054.25	3198	6910	1.575	0.655	3.233	0.00122320653254199	0.0380515650536969	0.1365	0.1403	0.1416	0.1416	TRUE	0.0929
LOC126336288	9	6	2	3	3	4	8	7	109	24	10	7	1	2	3	5	8	6	78	54	17.32	5	30	2.192	1.133	3.224	0.00126620563529246	0.0392089122580722	0.9285	0.3417	0.7729	0.7729	TRUE	0.128
LOC126354224	7	7	5	16	17	2	8	119	84	41	8	8	3	12	15	2	8	101	60	92	30.92	9	53	2.116	1.081	3.224	0.00126468574690006	0.0392089122580722	0.8523	0.2528	0.6848	0.6848	TRUE	0.0379
LOC126365842	166	194	255	175	188	191	219	314	434	199	178	210	176	132	162	229	227	267	311	446	233.82	172	296	1.447	0.533	3.223	0.00126914068520056	0.0392100724934566	0.0486	0.1546	0.0655	0.0655	TRUE	0.6273
LOC126293721	4	4	0	1	7	4	2	35	24	38	4	4	0	1	6	5	2	30	17	85	15.44	3	28	2.284	1.192	3.221	0.00127666635640544	0.0393527315145295	1.3049	0.3664	1.0017	1.0017	TRUE	0.4628
LOC126279075	648	574	864	817	915	1073	618	1898	1378	1201	696	623	596	617	788	1285	641	1616	986	2690	1053.74	664	1444	1.57	0.651	3.214	0.00130855095862521	0.0401526339503771	0.1533	0.143	0.1445	0.1445	TRUE	0.3309
LOC126354174	271	471	569	473	453	292	932	1577	1319	259	291	511	393	357	390	350	966	1343	944	580	612.49	388	837	1.567	0.648	3.214	0.00130853444601088	0.0401526339503771	0.14	0.1454	0.141	0.141	TRUE	0.111
LOC126336325	10	15	5	6	8	18	8	14	56	65	11	16	3	5	7	22	8	12	40	146	26.93	8	46	2.061	1.044	3.213	0.00131248535030874	0.04018224380176	0.7475	0.2696	0.6222	0.6222	TRUE	1.3048
LOC126266951	297	299	507	405	424	506	582	470	526	283	319	324	350	306	365	606	603	400	376	634	428.4	333	524	1.384	0.469	3.213	0.00131557681962494	0.0401859718355862	0.0315	0.1478	0.0466	0.0466	TRUE	0.114
LOC126334681	25	29	69	126	69	45	45	178	239	370	27	31	48	95	59	54	47	152	171	829	151.23	52	251	1.991	0.994	3.209	0.00133028296300308	0.0405251289644684	0.7431	0.1628	0.5829	0.5829	TRUE	2.278
LOC126281604	41	45	44	17	39	31	45	238	182	45	44	49	30	13	34	37	47	203	130	101	68.71	34	104	1.742	0.801	3.208	0.00133793314748487	0.0405939716407293	0.3181	0.1906	0.2872	0.2872	TRUE	0.1678
LOC126354564	51	35	60	56	90	71	72	93	175	110	55	38	41	42	77	85	75	79	125	246	86.44	51	122	1.61	0.687	3.205	0.00134841529872265	0.0408204828239706	0.1658	0.1801	0.1689	0.1689	TRUE	1.1265
LOC126270526	44	48	65	24	28	58	83	75	93	53	47	52	45	18	24	69	86	64	67	119	59.1	37	81	1.563	0.645	3.203	0.00135874298946352	0.0410413172620991	0.1046	0.1989	0.1251	0.1251	TRUE	0.493
LOC126281802	2	2	2	0	3	15	31	0	12	6	2	2	1	0	3	18	32	0	9	13	8.04	2	14	2.225	1.154	3.199	0.0013784985600449	0.0414529833656169	1.0025	0.5749	0.8513	0.8513	TRUE	0.1175
LOC126299011	551	534	640	807	536	575	512	1502	1870	1285	592	579	442	609	461	688	531	1279	1338	2878	939.82	537	1343	1.631	0.705	3.198	0.00138203939268334	0.0414673105582947	0.2214	0.1434	0.2039	0.2039	TRUE	0.5242
LOC126335620	0	0	9	0	2	2	4	26	23	25	0	0	6	0	2	2	4	22	16	56	10.91	2	20	2.249	1.169	3.187	0.00143730854488295	0.0427465038007827	1.7501	0.4606	1.2127	1.2127	TRUE	0.6638
LOC126267242	145	225	235	146	175	228	295	401	459	86	156	244	162	110	151	273	306	341	328	193	226.44	165	288	1.454	0.54	3.185	0.00144839920391702	0.042763072408771	0.0594	0.1551	0.0744	0.0744	TRUE	0.7748
LOC126291905	1	0	0	2	0	10	0	1	79	2	1	0	0	2	0	12	0	1	57	4	7.64	1	15	2.207	1.142	3.185	0.00144668746611384	0.042763072408771	2.8971	0.5976	1.9073	1.9073	TRUE	1.3304
LOC126292116	0	0	2	0	4	3	7	13	5	10	0	0	1	0	3	4	7	11	4	22	5.27	1	10	2.197	1.136	3.185	0.00144945796594558	0.042763072408771	0.6394	0.8036	0.706	0.706	TRUE	0.5787
LOC126332162	933	592	408	2941	485	950	12266	2837	4830	592	1002	642	282	2221	418	1137	12719	2416	3457	1326	2561.88	913	4211	1.931	0.949	3.179	0.00147590364400695	0.0433230544700696	0.7484	0.141	0.5774	0.5774	TRUE	1.7485
LOC126273131	284	249	420	172	255	304	313	795	522	917	305	270	290	130	220	364	325	677	374	2054	500.73	243	759	1.725	0.787	3.175	0.00149766757024878	0.0438667479666807	0.3756	0.1466	0.3181	0.3181	TRUE	2.4294
LOC126336182	15	16	23	27	30	35	47	32	173	11	16	17	16	20	26	42	49	27	124	25	36.19	19	53	1.674	0.744	3.173	0.00151030717088609	0.0440462858543762	0.2327	0.2364	0.2335	0.2335	TRUE	1.3854
LOC126284718	227	262	327	328	311	290	278	533	535	273	244	284	226	248	268	347	288	454	383	611	335.28	254	417	1.406	0.491	3.166	0.00154298106927942	0.0447101067012614	0.041	0.1501	0.0572	0.0572	TRUE	0.3411
LOC126365866	33	64	53	36	55	80	100	134	152	17	35	69	37	27	47	96	104	114	109	38	67.64	43	92	1.549	0.631	3.161	0.00157017234995698	0.0453039919821275	0.1157	0.1914	0.1328	0.1328	TRUE	0.8677
LOC126293406	102	161	249	129	186	222	227	288	294	458	110	175	172	97	160	266	235	245	210	1026	269.62	143	396	1.655	0.727	3.158	0.00158831231322763	0.0453607956043471	0.287	0.1526	0.255	0.255	TRUE	8.5993
LOC126293522	86	103	162	124	92	151	139	160	193	140	92	112	112	94	79	181	144	136	138	314	140.16	98	183	1.473	0.559	3.157	0.00159358436270945	0.0453607956043471	0.0694	0.1646	0.0865	0.0865	TRUE	1.4807
LOC126298731	11	31	30	7	3	42	43	43	52	44	12	34	21	5	3	50	45	37	37	99	34.13	15	54	1.781	0.833	3.157	0.00159481985226644	0.0453607956043471	0.4198	0.2422	0.3697	0.3697	TRUE	1.5355
LOC126298845	184	170	176	130	137	258	235	232	297	151	198	184	121	98	118	309	244	198	213	338	202.05	144	260	1.462	0.548	3.16	0.00157781963559347	0.0453607956043471	0.0678	0.157	0.082	0.082	TRUE	0.1752
LOC126339755	1827	1565	2059	3029	1998	1541	4254	4102	6427	1110	1962	1698	1421	2288	1720	1845	4411	3493	4599	2486	2592.33	1818	3367	1.474	0.56	3.156	0.00159854593540246	0.0453607956043471	0.0785	0.141	0.095	0.095	TRUE	0.1102
LOC126343848	113	121	190	117	157	151	166	218	250	147	121	131	131	88	135	181	172	186	179	329	165.4	121	209	1.43	0.516	3.156	0.00159895798871368	0.0453607956043471	0.0467	0.1608	0.0655	0.0655	TRUE	0.9597
LOC126284463	101	85	156	160	205	105	180	291	403	206	108	92	108	121	176	126	187	248	288	461	191.56	121	262	1.542	0.625	3.151	0.00162720682398579	0.0454007479220119	0.1378	0.1579	0.142	0.142	TRUE	0.2808
LOC126355136	244	233	373	313	334	270	400	471	557	392	262	253	257	236	288	323	415	401	399	878	371.19	259	483	1.474	0.56	3.153	0.0016178033844701	0.0454007479220119	0.0812	0.1491	0.0932	0.0932	TRUE	2.3042
LOC126355736	445	542	615	514	594	498	680	937	867	331	478	588	425	388	511	596	705	798	620	741	585.1	478	692	1.316	0.397	3.151	0.00162499949288426	0.0454007479220119	0.0183	0.1456	0.0328	0.0328	TRUE	0.1946
LOC126325832	1	2	5	2	3	1	11	23	22	3	1	2	3	2	3	1	11	20	16	7	6.54	2	11	1.935	0.952	3.148	0.00164224146499869	0.0457259495974532	0	0.6745	0.4202	0.4202	TRUE	0.0803
LOC126320326	107	146	181	115	133	178	243	201	196	152	115	158	125	87	115	213	252	171	140	340	171.65	120	223	1.471	0.556	3.143	0.00167209339647412	0.0463902893450787	0.0758	0.16	0.0897	0.0897	TRUE	0.2294
LOC126273423	1367	1653	2089	2979	1480	1929	3306	4884	4286	811	1468	1793	1442	2250	1274	2309	3428	4159	3067	1816	2300.74	1645	2956	1.454	0.541	3.14	0.00169094925801418	0.0466026993064112	0.0756	0.1412	0.0867	0.0867	TRUE	0.1171
LOC126350536	3421	2288	3811	4319	4054	4222	4009	4554	8894	4932	3674	2482	2631	3262	3490	5055	4157	3878	6365	11046	4603.91	3108	6100	1.497	0.582	3.14	0.00169054312303938	0.0466026993064112	0.1092	0.1404	0.115	0.115	TRUE	0.8393
LOC126336415	2982	11342	10158	10285	3793	15605	14307	29314	20236	4089	3202	12304	7012	7768	3266	18683	14835	24962	14482	9158	11567.18	6710	16424	1.591	0.67	3.139	0.00169519035569411	0.0466091146362414	0.2207	0.14	0.2032	0.2032	TRUE	0.4159
LOC126281468	16	13	37	28	13	36	45	37	47	12	17	14	26	21	11	43	47	32	34	27	27.09	18	37	1.51	0.595	3.134	0.00172460442030249	0.0470511028538977	0.0322	0.2688	0.0874	0.0874	TRUE	0.2302
LOC126354941	78	111	279	167	86	114	268	453	287	119	84	120	193	126	74	136	278	386	205	267	186.9	119	254	1.526	0.61	3.123	0.00179136987951003	0.0487742800996575	0.135	0.1584	0.14	0.14	TRUE	0.2129
LOC126277952	8	4	7	11	4	8	14	11	32	24	9	4	5	8	3	10	15	9	23	54	13.96	6	22	1.743	0.802	3.118	0.00182078069943818	0.0491792503488971	0.2933	0.3903	0.3173	0.3173	TRUE	0.6934
LOC126285015	727	614	1463	970	868	747	826	2218	2414	1208	781	666	1010	733	747	894	856	1889	1728	2705	1200.92	787	1614	1.507	0.592	3.112	0.00185622694159148	0.0497395306408236	0.1264	0.1426	0.1319	0.1319	TRUE	0.1759
LOC126281930	750	606	998	920	947	847	1212	977	1308	537	805	657	689	695	815	1014	1257	832	936	1203	890.34	732	1048	1.301	0.38	3.111	0.00186506562248008	0.0498776047498031	0.018	0.1436	0.0318	0.0318	TRUE	0.1093
