Id	SPICE_S_Iso_SRR11815240	SPICE_S_Iso_SRR11815251	SPICE_S_Iso_SRR11815261	SPICE_S_Iso_SRR11815273	SPICE_S_Iso_SRR11815274	SPICE_G_Crd_SRR11815268	SPICE_G_Crd_SRR11815269	SPICE_G_Crd_SRR11815270	SPICE_G_Crd_SRR11815271	SPICE_G_Crd_SRR11815272	norm.SPICE_S_Iso_SRR11815240	norm.SPICE_S_Iso_SRR11815251	norm.SPICE_S_Iso_SRR11815261	norm.SPICE_S_Iso_SRR11815273	norm.SPICE_S_Iso_SRR11815274	norm.SPICE_G_Crd_SRR11815268	norm.SPICE_G_Crd_SRR11815269	norm.SPICE_G_Crd_SRR11815270	norm.SPICE_G_Crd_SRR11815271	norm.SPICE_G_Crd_SRR11815272	baseMean	Isolated	Crowded	FoldChange	log2FoldChange	stat	pvalue	padj	dispGeneEst	dispFit	dispMAP	dispersion	betaConv	maxCooks
LOC126305061	366	394	614	424	509	2	0	1	1	2	393	427	424	320	438	2	0	1	1	4	201.12	400	2	0.004	-7.986	-13.393	6.68183869421451e-41	4.52093206050554e-37	0.0139	0.1571	0.0474	0.0474	TRUE	0.2108
LOC126353962	693	1788	6575	4291	1755	11	24	61	64	11	744	1940	4539	3241	1511	13	25	52	46	25	1213.5	2395	32	0.015	-6.02	-12.321	7.0008387423096e-35	3.15784499536445e-31	0.3372	0.1425	0.2863	0.2863	TRUE	0.0794
LOC126292048	55	56	94	58	88	0	1	1	4	2	59	61	65	44	76	0	1	1	3	4	31.35	61	2	0.033	-4.94	-8.838	9.75377078926369e-19	1.88554323314737e-15	0.0265	0.2513	0.0907	0.0907	TRUE	0.2595
LOC126334877	4828	1886	1239	1342	445	107	158	94	165	42	5185	2046	855	1014	383	128	164	80	118	94	1006.67	1897	117	0.074	-3.762	-6.996	2.64268367134118e-12	2.75083041850684e-09	0.4799	0.1431	0.3912	0.3912	TRUE	0.4797
LOC126284279	20	23	34	52	53	1	0	0	0	0	21	25	23	39	46	1	0	0	0	0	15.6	31	0	0.016	-5.93	-6.692	2.2078175507428e-11	1.6597881720362e-08	0	0.364	0.1791	0.1791	TRUE	0.3071
LOC126292013	256	675	1139	653	739	36	85	126	222	18	275	732	786	493	636	43	88	107	159	40	336.06	584	87	0.167	-2.583	-6.472	9.67802560850204e-11	5.95286556973862e-08	0.2228	0.1501	0.2054	0.2054	TRUE	0.3279
LOC126293744	329	273	474	212	245	83	21	36	51	17	353	296	327	160	211	99	22	31	36	38	157.41	269	45	0.185	-2.436	-6.201	5.61398361887135e-10	2.92186255117566e-07	0.2028	0.1619	0.1928	0.1928	TRUE	0.6717
LOC126365867	310	241	438	545	432	134	109	136	236	58	333	261	302	412	372	160	113	116	169	130	236.83	336	138	0.445	-1.168	-6.204	5.5105628891391e-10	2.92186255117566e-07	0.0285	0.1544	0.046	0.046	TRUE	0.0978
LOC126353960	6	32	52	40	45	0	1	0	0	0	6	35	36	30	39	0	1	0	0	0	14.7	29	0	0.019	-5.742	-6.186	6.17868790035761e-10	3.09666683954219e-07	0	0.3777	0.3463	0.3463	TRUE	1.0042
LOC126271905	102	104	250	308	154	15	11	54	20	20	110	113	173	233	133	18	11	46	14	45	89.46	152	27	0.193	-2.372	-5.834	5.39620190128232e-09	2.21276982206522e-06	0.2087	0.1788	0.201	0.201	TRUE	0.4081
LOC126335513	400	365	1072	793	717	224	180	147	257	88	430	396	740	599	617	268	187	125	184	197	374.28	556	192	0.379	-1.399	-5.826	5.68387665195616e-09	2.26218290747855e-06	0.0635	0.149	0.0798	0.0798	TRUE	0.1302
LOC126283998	7	54	38	31	28	1	1	0	0	0	8	59	26	23	24	1	1	0	0	0	14.21	28	0	0.029	-5.097	-5.616	1.95113892433138e-08	7.33411442334786e-06	0	0.386	0.3878	0.3878	TRUE	0.2102
LOC126267090	28	2	75	6	70	0	0	0	0	0	30	2	52	5	60	0	0	0	0	0	14.88	30	0	0.017	-5.89	-5.497	3.85907724773269e-08	1.33900085426458e-05	1.6929	0.3749	1.0388	1.0388	TRUE	0.0322
LOC126354633	706	438	658	1048	723	218	150	206	283	29	758	475	454	792	622	261	156	175	203	65	396.09	620	172	0.311	-1.684	-5.46	4.76722106319406e-08	1.61275088567855e-05	0.1284	0.1485	0.1327	0.1327	TRUE	0.2077
LOC126284704	915	429	894	1068	812	108	52	237	329	21	983	465	617	807	699	129	54	202	235	47	423.83	714	133	0.213	-2.229	-5.436	5.46241054161132e-08	1.80286193778255e-05	0.2581	0.1479	0.2309	0.2309	TRUE	0.3375
LOC126322933	302	271	587	458	537	136	206	219	242	60	324	294	405	346	462	163	214	186	173	134	270.22	366	174	0.523	-0.935	-5.384	7.28431669561469e-08	2.34693746488233e-05	0.0257	0.1526	0.0425	0.0425	TRUE	0.1706
LOC126355128	345	314	700	753	640	107	141	189	308	110	370	341	483	569	551	128	146	161	220	246	321.61	463	180	0.436	-1.199	-5.377	7.55692218769731e-08	2.3781458382307e-05	0.0595	0.1505	0.0733	0.0733	TRUE	0.1155
LOC126334992	190	65	125	174	93	37	21	29	22	11	204	71	86	131	80	44	22	25	16	25	70.35	114	26	0.257	-1.962	-5.351	8.75892736432702e-08	2.63390677986829e-05	0.1582	0.1894	0.165	0.165	TRUE	0.3456
LOC126293345	173	150	415	387	215	59	84	123	61	23	186	163	286	292	185	71	87	105	44	52	147	222	72	0.366	-1.452	-5.285	1.25833489891887e-07	3.54745580253544e-05	0.0887	0.1635	0.1041	0.1041	TRUE	0.1323
LOC126335646	9307	1854	1448	1370	937	306	396	123	273	61	9994	2011	1000	1035	807	366	411	105	195	137	1606.02	2969	243	0.106	-3.232	-5.27	1.36196889658334e-07	3.68603262171316e-05	0.7251	0.1418	0.5615	0.5615	TRUE	4.2628
LOC126299195	413	375	758	771	759	207	177	221	339	41	443	407	523	582	653	248	184	188	243	92	356.33	522	191	0.418	-1.259	-5.227	1.72092258214803e-07	4.47837007338984e-05	0.0728	0.1495	0.0875	0.0875	TRUE	0.3418
LOC126353958	146	174	257	316	375	76	99	102	127	34	157	189	177	239	323	91	103	87	91	76	153.2	217	90	0.467	-1.097	-5.184	2.16976650731171e-07	5.53986422206455e-05	0.0457	0.1625	0.0637	0.0637	TRUE	0.3638
LOC126353961	24	132	448	178	90	12	15	27	39	6	26	143	309	134	77	14	16	23	28	13	78.44	138	19	0.167	-2.586	-5.144	2.69064979627446e-07	6.61997691694292e-05	0.3868	0.1843	0.3357	0.3357	TRUE	0.2214
LOC126298497	3087	2651	4837	4379	3824	1621	1668	2626	3207	749	3315	2876	3339	3307	3292	1941	1730	2236	2295	1677	2600.85	3226	1976	0.642	-0.639	-5.06	4.19627933194831e-07	9.01334157459119e-05	0.0116	0.141	0.0229	0.0229	TRUE	0.1011
LOC126281860	385	30	681	1071	26	42	7	9	11	8	413	33	470	809	22	50	7	8	8	18	183.83	349	18	0.078	-3.689	-5.01	5.44771585627882e-07	0.000113413063026408	1.1246	0.1587	0.8398	0.8398	TRUE	0.1462
LOC126284402	21	23	52	39	15	0	0	7	6	1	23	25	36	29	13	0	0	6	4	2	13.83	25	2	0.139	-2.848	-4.941	7.76672784338555e-07	0.000156864718174169	0.1988	0.3928	0.2891	0.2891	TRUE	0.4156
LOC126355394	2	816	2	1384	856	3	4	9	13	2	2	885	1	1045	737	4	4	8	9	4	270.02	534	6	0.029	-5.127	-4.91	9.08690491598753e-07	0.000178208691772671	2.005	0.1526	1.4207	2.005	TRUE	0.0276
LOC126356345	20	124	61	258	439	9	6	27	6	11	21	135	42	195	378	11	6	23	4	25	83.98	154	14	0.119	-3.076	-4.891	1.00517065998221e-06	0.000191577033392666	0.7277	0.1813	0.5737	0.5737	TRUE	0.1691
LOC126359039	23	5	37	15	35	0	2	2	3	0	25	5	26	11	30	0	2	2	2	0	10.31	19	1	0.103	-3.279	-4.794	1.63466366426155e-06	0.00029493691606383	0.2881	0.4793	0.3487	0.3487	TRUE	0.0719
LOC126272019	36	46	86	46	67	18	20	11	15	7	39	50	59	35	58	22	21	9	11	16	31.84	48	16	0.375	-1.415	-4.78	1.74985372926861e-06	0.000311566061374511	0.0523	0.2496	0.0981	0.0981	TRUE	0.1354
LOC126272873	326	34	283	216	119	17	37	11	57	13	350	37	195	163	102	20	38	9	41	29	98.59	169	27	0.203	-2.302	-4.705	2.53304436538541e-06	0.000421652482843078	0.4085	0.1751	0.348	0.348	TRUE	0.1541
LOC126284240	8702	7512	13068	23186	17544	3413	3591	2625	7077	513	9345	8149	9021	17511	15104	4086	3724	2235	5065	1149	7538.93	11826	3252	0.329	-1.602	-4.69	2.73368852446007e-06	0.000436939409081438	0.1771	0.1401	0.1892	0.1892	TRUE	0.2044
LOC126281697	623	469	983	1191	1259	322	223	358	548	83	669	509	679	900	1084	386	231	305	392	186	533.95	768	300	0.461	-1.119	-4.67	3.01594600161305e-06	0.000461381812837682	0.0866	0.1462	0.0981	0.0981	TRUE	0.1406
LOC126354308	48	2	82	71	2	1	1	1	0	0	52	2	57	54	2	1	1	1	0	0	16.88	33	1	0.046	-4.445	-4.671	2.99336495533835e-06	0.000461381812837682	0	0.3471	0.9912	0.9912	TRUE	0.0408
LOC126354707	645	469	612	715	770	202	191	348	365	44	693	509	422	540	663	242	198	296	261	99	392.28	565	219	0.459	-1.122	-4.662	3.12983949942848e-06	0.000470588756736291	0.0862	0.1486	0.0983	0.0983	TRUE	0.3815
LOC126267772	22	23	2	3	25	0	0	0	0	0	24	25	1	2	22	0	0	0	0	0	7.37	15	0	0.039	-4.692	-4.637	3.53427528942937e-06	0.000525558386995145	1.5045	0.6143	1.0921	1.0921	TRUE	0.0357
LOC126279877	539	530	886	872	741	314	343	370	439	75	579	575	612	659	638	376	356	315	314	168	459.07	613	306	0.561	-0.834	-4.61	4.02294208064599e-06	0.000585359701454855	0.0342	0.1473	0.0532	0.0532	TRUE	0.6242
LOC126277895	65	27	81	73	11	5	3	9	15	4	70	29	56	55	9	6	3	8	11	9	25.61	44	7	0.211	-2.246	-4.583	4.58464404233191e-06	0.000653046349271951	0.3026	0.2763	0.2959	0.2959	TRUE	0.1135
LOC126321023	11548	9763	14987	16077	11969	6146	6008	7313	9374	1743	12401	10591	10346	12142	10305	7358	6230	6227	6708	3904	8621.22	11157	6085	0.597	-0.744	-4.539	5.64637473893133e-06	0.000795903572575195	0.0271	0.1401	0.0444	0.0444	TRUE	0.4953
LOC126275742	59	35	81	40	40	15	15	4	16	3	63	38	56	30	34	18	16	3	11	7	27.7	44	11	0.308	-1.697	-4.533	5.81580604961985e-06	0.000809342639875542	0.1347	0.266	0.1722	0.1722	TRUE	0.239
LOC126282270	605	238	609	598	396	166	74	231	207	44	650	258	420	452	341	199	77	197	148	99	283.97	424	144	0.412	-1.279	-4.531	5.86133451875577e-06	0.000809342639875542	0.1289	0.152	0.1363	0.1363	TRUE	0.2081
LOC126365811	626	690	1260	1457	1630	370	368	647	635	194	672	749	870	1100	1403	443	382	551	454	434	705.87	959	453	0.54	-0.89	-4.523	6.09109514735612e-06	0.00082424699534023	0.055	0.1446	0.0669	0.0669	TRUE	0.2304
LOC126284606	63	7	165	130	17	6	7	2	8	5	68	8	114	98	15	7	7	2	6	11	33.5	61	7	0.15	-2.736	-4.48	7.47506078625874e-06	0.00099169139764366	0.646	0.2441	0.5352	0.5352	TRUE	0.0355
LOC126325085	9191	5611	11939	12182	13781	4225	3997	6452	6988	2083	9870	6087	8242	9201	11865	5058	4144	5494	5001	4665	6962.67	9053	4872	0.593	-0.753	-4.465	8.01523421157834e-06	0.0010429052822219	0.0327	0.1402	0.0479	0.0479	TRUE	0.1464
LOC126281797	263	18	466	485	60	38	16	34	26	12	282	20	322	366	52	45	17	29	19	27	117.81	208	27	0.179	-2.484	-4.456	8.35182539356765e-06	0.00106619718137507	0.6195	0.1694	0.4975	0.4975	TRUE	0.0476
LOC126267924	9	0	29	23	19	0	0	0	0	0	10	0	20	17	16	0	0	0	0	0	6.34	13	0	0.049	-4.348	-4.442	8.93038723738925e-06	0.00111894444533659	1.9325	0.6916	1.13	1.13	TRUE	0.1726
LOC126285446	1349	936	1692	2047	1546	653	611	944	1154	376	1449	1015	1168	1546	1331	782	634	804	826	842	1039.62	1302	778	0.639	-0.645	-4.439	9.04536087000755e-06	0.0011229525072747	0.0194	0.143	0.0327	0.0327	TRUE	0.1421
LOC126272107	73	29	48	54	70	12	4	22	12	8	78	31	33	41	60	14	4	19	9	18	30.78	49	13	0.322	-1.634	-4.396	1.10303115762899e-05	0.00133175702146875	0.1624	0.2534	0.1861	0.1861	TRUE	0.1761
LOC126278068	221	173	297	273	227	124	117	90	115	39	237	188	205	206	195	148	121	77	82	87	154.77	206	103	0.566	-0.82	-4.383	1.17007945233324e-05	0.00137682740425855	0.0335	0.1623	0.0547	0.0547	TRUE	0.5817
LOC126277896	209	69	377	286	36	29	37	25	27	22	224	75	260	216	31	35	38	21	19	49	96.95	161	32	0.26	-1.942	-4.352	1.34846033403187e-05	0.00155960386667686	0.3714	0.1757	0.3225	0.3225	TRUE	0.0777
LOC126353959	25	127	852	395	122	40	26	40	61	11	27	138	588	298	105	48	27	34	44	25	133.33	231	36	0.211	-2.243	-4.331	1.48540306249531e-05	0.00167503952014055	0.551	0.1659	0.4486	0.4486	TRUE	0.2479
LOC126277939	33092	24081	53688	54795	47440	16933	17543	27257	34813	7778	35536	26124	37062	41384	40843	20273	18190	23210	24914	17420	28495.64	36190	20801	0.625	-0.677	-4.321	1.55263006746835e-05	0.00172214672729359	0.0263	0.1398	0.041	0.041	TRUE	0.3019
LOC126281314	971	621	1716	2085	991	390	439	555	880	142	1043	674	1185	1575	853	467	455	473	630	318	767.14	1066	469	0.522	-0.939	-4.308	1.64504203397516e-05	0.00179521845191548	0.0779	0.1442	0.0889	0.0889	TRUE	0.1888
LOC126354124	11	6	35	11	19	1	3	1	0	0	12	7	24	8	16	1	3	1	0	0	7.23	13	1	0.134	-2.897	-4.259	2.04888879950664e-05	0.00213273563345568	0.2266	0.6237	0.36	0.36	TRUE	0.3757
LOC126278625	36	65	63	52	57	19	24	15	24	8	39	71	43	39	49	23	25	13	17	18	33.65	48	19	0.485	-1.045	-4.245	2.18510843700628e-05	0.00225716697477626	0.0374	0.2437	0.0808	0.0808	TRUE	0.5167
LOC126284686	738	790	1411	964	603	304	366	406	370	241	792	857	974	728	519	364	380	346	265	540	576.45	774	379	0.563	-0.83	-4.231	2.33018613445142e-05	0.00235314020682065	0.0564	0.1457	0.0701	0.0701	TRUE	0.3389
LOC126299329	41	21	50	32	37	13	8	6	15	0	44	23	35	24	32	16	8	5	11	0	19.71	32	8	0.351	-1.51	-4.208	2.57303126505446e-05	0.00256016610872918	0.079	0.3173	0.1643	0.1643	TRUE	0.4011
LOC126279121	28	16	40	49	36	7	6	16	15	3	30	17	28	37	31	8	6	14	11	7	18.87	29	9	0.423	-1.241	-4.183	2.87717796687463e-05	0.00275361194793827	0	0.3251	0.1021	0.1021	TRUE	0.2518
LOC126278132	263	196	246	388	375	145	73	85	164	32	282	213	170	293	323	174	76	72	117	72	179.15	256	102	0.495	-1.015	-4.154	3.27356093624691e-05	0.00301345759110838	0.1029	0.1592	0.114	0.114	TRUE	0.5284
LOC126285197	9	5	23	15	7	0	2	0	0	0	10	5	16	11	6	0	2	0	0	0	5.04	10	0	0.11	-3.184	-4.137	3.52421793572942e-05	0.0032006521547846	0.128	0.8342	0.3867	0.3867	TRUE	0.6568
LOC126271932	391	600	822	531	525	255	327	272	307	112	420	651	567	401	452	305	339	232	220	251	383.78	498	269	0.607	-0.721	-4.121	3.76876661679279e-05	0.00329025482957678	0.0374	0.1488	0.0526	0.0526	TRUE	0.1989
LOC126298777	353	454	755	757	619	261	281	395	456	154	379	493	521	572	533	312	291	336	326	345	410.89	500	322	0.685	-0.547	-4.107	4.01060920255934e-05	0.00347894639288673	0.012	0.1482	0.026	0.026	TRUE	0.2128
LOC126337074	2724	2381	4110	4533	4286	1567	1513	2411	3115	904	2925	2583	2837	3424	3690	1876	1569	2053	2229	2025	2521.08	3092	1950	0.675	-0.567	-4.088	4.3531741025983e-05	0.00372830075673165	0.0182	0.141	0.0313	0.0313	TRUE	0.1482
LOC126282154	1250	1047	1629	1114	814	475	378	648	757	110	1342	1136	1125	841	701	569	392	552	542	246	744.54	1029	460	0.54	-0.889	-4.083	4.43821338884225e-05	0.00377722664011405	0.0839	0.1443	0.0947	0.0947	TRUE	0.2012
LOC126360492	339	235	1	335	0	0	0	0	0	1	364	255	1	253	0	0	0	0	0	2	87.49	175	0	0.099	-3.33	-4.081	4.48110875860483e-05	0.00378989773259003	5.0492	0.1797	2.2758	5.0492	TRUE	0.5007
LOC126269881	107	87	168	138	138	47	64	70	107	18	115	94	116	104	119	56	66	60	77	40	84.74	110	60	0.621	-0.687	-4.076	4.57428376818334e-05	0.00384467130130788	0.0069	0.1809	0.0378	0.0378	TRUE	0.2301
LOC126354148	373	372	509	510	550	203	273	234	352	64	401	404	351	385	474	243	283	199	252	143	313.48	403	224	0.623	-0.683	-4.069	4.72223884605756e-05	0.00389642293078359	0.0282	0.1508	0.0469	0.0469	TRUE	0.3672
LOC126354240	120	99	167	88	87	18	18	76	46	13	129	107	115	66	75	22	19	65	33	29	65.99	98	34	0.447	-1.162	-4.063	4.84089990266608e-05	0.00397012469593196	0.1394	0.1927	0.1514	0.1514	TRUE	0.5521
LOC126299386	53	190	356	54	229	39	46	39	46	7	57	206	246	41	197	47	48	33	33	16	92.29	149	35	0.336	-1.572	-4.016	5.92304933788846e-05	0.00471474727295922	0.3408	0.1776	0.2998	0.2998	TRUE	0.0555
LOC126284428	515	628	1471	1441	1563	310	263	325	421	288	553	681	1015	1088	1346	371	273	277	301	645	655.07	937	373	0.504	-0.99	-3.996	6.44455709652421e-05	0.00507021782733521	0.1281	0.145	0.1316	0.1316	TRUE	0.2452
LOC126278108	442	368	750	391	456	202	216	254	238	39	475	399	518	295	393	242	224	216	170	87	301.93	416	188	0.551	-0.86	-3.984	6.76756051593889e-05	0.00523306450866772	0.0797	0.1512	0.0936	0.0936	TRUE	0.4379
LOC126292009	160	144	228	215	192	82	108	132	144	56	172	156	157	162	165	98	112	112	103	125	136.41	162	110	0.712	-0.49	-3.947	7.90122872132296e-05	0.00587469379433748	0	0.1653	0.0174	0.0174	TRUE	0.0362
LOC126272573	792	442	1270	987	621	213	140	449	405	30	850	480	877	745	535	255	145	382	290	67	462.63	697	228	0.445	-1.167	-3.93	8.5000393130878e-05	0.0061488903625963	0.2131	0.1472	0.1976	0.1976	TRUE	0.3221
LOC126291853	2103	1057	715	2114	1207	308	378	576	954	188	2258	1147	494	1597	1039	369	392	490	683	421	888.93	1307	471	0.477	-1.068	-3.929	8.54264992734337e-05	0.0061488903625963	0.1624	0.1436	0.1668	0.1668	TRUE	0.1407
LOC126299207	4	5	15	11	15	0	0	0	2	0	4	5	10	8	13	0	0	0	1	0	4.27	8	0	0.151	-2.727	-3.903	9.5011207697081e-05	0.00676679822398369	0	0.9588	0.412	0.412	TRUE	0.4182
LOC126284014	473	389	863	914	708	261	280	408	557	166	508	422	596	690	610	312	290	347	399	372	454.62	565	344	0.665	-0.588	-3.872	0.000108090710573044	0.0074626708952777	0.0237	0.1473	0.0387	0.0387	TRUE	0.1693
LOC126293510	2917	513	5242	10161	4928	474	630	1160	2006	504	3132	557	3619	7674	4243	567	653	988	1436	1129	2399.74	3845	955	0.373	-1.424	-3.839	0.000123470460612504	0.0081502549902849	0.3925	0.1411	0.3285	0.3285	TRUE	0.1401
LOC126343774	451	934	1603	1724	1358	423	447	656	729	220	484	1013	1107	1302	1169	506	463	559	522	493	761.83	1015	509	0.593	-0.753	-3.84	0.000123000576086557	0.0081502549902849	0.0668	0.1442	0.0794	0.0794	TRUE	0.7347
LOC126273462	3516	3415	6213	5915	5083	2121	2618	3745	4396	980	3776	3705	4289	4467	4376	2539	2715	3189	3146	2195	3439.67	4123	2757	0.713	-0.488	-3.833	0.000126454579054255	0.00825444852369641	0.0149	0.1407	0.0271	0.0271	TRUE	0.1569
LOC126267951	283	293	275	237	354	137	134	152	130	60	304	318	190	179	305	164	139	129	93	134	195.52	259	132	0.599	-0.739	-3.83	0.000128288086078361	0.00830619320962861	0.0554	0.1575	0.0717	0.0717	TRUE	0.0937
LOC126293182	165	111	430	385	479	88	81	71	42	2	177	120	297	291	412	105	84	60	30	4	158.19	259	57	0.347	-1.528	-3.813	0.000137271788205327	0.00876208414148344	0.4779	0.1618	0.3808	0.3808	TRUE	0.1843
LOC126277888	496	466	840	745	832	349	366	356	586	139	533	506	580	563	716	418	380	303	419	311	472.82	580	366	0.686	-0.543	-3.808	0.000140299569793722	0.00878950823355856	0.0189	0.1471	0.0336	0.0336	TRUE	0.2098
LOC126283958	16	26	43	32	53	0	1	0	1	7	17	28	30	24	46	0	1	0	1	16	16.23	29	4	0.215	-2.22	-3.796	0.000147268902112121	0.00914148065771203	1.1345	0.3553	0.7526	0.7526	TRUE	2.2485
LOC126346425	1211	210	301	925	2571	102	281	310	239	48	1300	228	208	699	2213	122	291	264	171	108	560.41	930	191	0.336	-1.574	-3.786	0.000152993449467188	0.00945345825657527	0.5361	0.1459	0.4317	0.4317	TRUE	0.1753
LOC126355925	589	124	1133	2149	1168	154	53	196	434	108	632	135	782	1623	1006	184	55	167	311	242	513.65	836	192	0.365	-1.453	-3.764	0.000166909580745009	0.0100347509808021	0.4616	0.1465	0.3788	0.3788	TRUE	0.1133
LOC126271906	155	171	355	453	362	114	87	123	112	9	166	186	245	342	312	136	90	105	80	20	168.26	250	86	0.486	-1.042	-3.754	0.000174040927634056	0.0101078190246526	0.1989	0.1604	0.189	0.189	TRUE	0.251
LOC126284894	20	1	56	12	16	1	0	3	3	0	21	1	39	9	14	1	0	3	2	0	9	17	1	0.21	-2.249	-3.755	0.000173340975939373	0.0101078190246526	0.7928	0.5287	0.7021	0.7021	TRUE	0.1355
LOC126297890	701	650	1119	1219	1007	424	497	641	920	203	753	705	772	921	867	508	515	546	658	455	669.99	804	536	0.716	-0.483	-3.755	0.000173168086090298	0.0101078190246526	0.014	0.1449	0.0269	0.0269	TRUE	0.1977
LOC126298049	2038	1643	5182	3496	5284	1053	1293	1476	2451	711	2188	1782	3577	2640	4549	1261	1341	1257	1754	1592	2194.24	2947	1441	0.592	-0.755	-3.741	0.000183068426007427	0.0104526664165928	0.083	0.1412	0.091	0.091	TRUE	0.1776
LOC126353764	119	1	1	3	170	1	1	0	0	0	128	1	1	2	146	1	1	0	0	0	28.04	56	0	0.182	-2.46	-3.743	0.000182193376478009	0.0104526664165928	3.1054	0.2645	1.9393	3.1054	TRUE	0.0493
LOC126335813	21	16	19	17	31	1	8	0	0	0	23	17	13	13	27	1	8	0	0	0	10.2	19	2	0.242	-2.048	-3.732	0.000189893187392662	0.0107068108824896	0.7534	0.4826	0.6007	0.6007	TRUE	2.085
LOC126284905	13	12	40	46	21	5	4	6	5	6	14	13	28	35	18	6	4	5	4	13	13.97	22	6	0.413	-1.277	-3.726	0.000194215077529026	0.0108599935087718	0.13	0.3902	0.1966	0.1966	TRUE	0.1988
LOC126334760	187	149	287	388	192	71	60	97	114	3	201	162	198	293	165	85	62	83	82	7	133.7	204	64	0.462	-1.115	-3.72	0.000198992589217256	0.0110359332675734	0.256	0.1658	0.2277	0.2277	TRUE	1.5192
LOC126267259	322	251	461	460	414	113	250	119	204	30	346	272	318	347	356	135	259	101	146	67	234.92	328	142	0.559	-0.84	-3.716	0.000202305792626995	0.0111738856564429	0.1109	0.1545	0.12	0.12	TRUE	1.9036
LOC126337058	241	770	714	527	570	256	215	235	233	57	259	835	493	398	491	306	223	200	167	128	349.97	495	205	0.545	-0.875	-3.704	0.000212322531087487	0.0115387489585376	0.1343	0.1496	0.1375	0.1375	TRUE	0.319
LOC126335638	5	22	6	40	26	2	0	2	1	3	5	24	4	30	22	2	0	2	1	7	9.75	17	2	0.262	-1.933	-3.677	0.000235949889015858	0.0122983406608599	0.6163	0.4986	0.5781	0.5781	TRUE	0.1654
LOC126355973	72	36	91	69	54	29	27	25	33	4	77	39	63	52	46	35	28	21	24	9	39.44	55	23	0.561	-0.835	-3.673	0.000239878096139201	0.0123351346671951	0.0552	0.2284	0.0993	0.0993	TRUE	0.1992
LOC126353964	192	261	284	319	354	40	30	198	141	14	206	283	196	241	305	48	31	169	101	31	161.09	246	76	0.466	-1.102	-3.668	0.000244048114925248	0.0124621097779942	0.2695	0.1614	0.2425	0.2425	TRUE	1.7726
LOC126281222	117	78	46	296	349	35	26	28	80	22	126	85	32	224	300	42	27	24	57	49	96.53	153	40	0.416	-1.267	-3.666	0.000246855361004323	0.0125419489781365	0.3687	0.1759	0.3212	0.3212	TRUE	0.0964
LOC126282040	48	44	82	101	86	13	25	34	57	13	52	48	57	76	74	16	26	29	41	29	44.66	61	28	0.582	-0.781	-3.663	0.000249425949289292	0.0125419489781365	0.0472	0.218	0.0835	0.0835	TRUE	0.2646
LOC126290925	9	7	10	9	11	0	1	3	0	0	10	8	7	7	9	0	1	3	0	0	4.4	8	1	0.258	-1.956	-3.664	0.000248435173580374	0.0125419489781365	0	0.9347	0.2928	0.2928	TRUE	0.7947
LOC126354945	53	75	151	89	164	22	16	47	75	5	57	81	104	67	141	26	17	40	54	11	59.88	90	30	0.489	-1.031	-3.661	0.000251448425738068	0.0125419489781365	0.196	0.1981	0.1966	0.1966	TRUE	0.3948
LOC126359007	31	7	49	8	38	1	0	8	6	0	33	8	34	6	33	1	0	7	4	0	12.58	23	2	0.279	-1.84	-3.649	0.000262852080477766	0.0129342340110005	0.7318	0.4179	0.6133	0.6133	TRUE	0.2007
LOC126281198	173089	143837	270637	237678	243077	121445	111741	153846	200614	53003	185870	156042	186828	179508	209273	145399	115864	131006	143568	118706	157206.59	183504	130909	0.755	-0.406	-3.646	0.000266330660117625	0.0130579220750424	0.0108	0.1397	0.0214	0.0214	TRUE	0.0875
LOC126273368	21	30	4	33	52	0	0	6	8	0	23	33	3	25	45	0	0	5	6	0	13.84	26	2	0.258	-1.953	-3.64	0.00027218457353472	0.0132186021712796	1.0991	0.3926	0.7862	0.7862	TRUE	0.2423
LOC126272721	223	408	433	357	522	119	87	253	216	90	239	443	299	270	449	142	90	215	155	202	250.43	340	161	0.591	-0.759	-3.634	0.000279107486019913	0.0134408629922472	0.0898	0.1536	0.1017	0.1017	TRUE	0.1206
LOC126272296	158	188	529	466	610	111	142	52	122	6	170	204	365	352	525	133	147	44	87	13	204.11	323	85	0.428	-1.223	-3.628	0.00028541901061365	0.0135683518218562	0.3929	0.1568	0.3276	0.3276	TRUE	0.2064
LOC126278377	157	180	195	230	211	94	99	109	162	56	169	195	135	174	182	113	103	93	116	125	140.32	171	110	0.699	-0.517	-3.628	0.000285765612564958	0.0135683518218562	0.0103	0.1646	0.0299	0.0299	TRUE	0.1646
LOC126355053	146	102	156	198	237	63	54	103	120	16	157	111	108	150	204	75	56	88	86	36	106.95	146	68	0.594	-0.751	-3.621	0.000293269879137067	0.0137796111266764	0.0753	0.1724	0.0938	0.0938	TRUE	0.2274
LOC126281721	1	10	38	0	18	0	0	0	0	0	1	11	26	0	15	0	0	0	0	0	5.37	11	0	0.227	-2.136	-3.604	0.000312958237000134	0.0143590229718808	3.6839	0.792	1.982	1.982	TRUE	0.0829
LOC126281987	87	97	146	157	105	58	62	50	94	16	93	105	101	119	90	69	64	43	67	36	78.78	102	56	0.646	-0.631	-3.606	0.000310946971136768	0.0143590229718808	0.0185	0.1841	0.0509	0.0509	TRUE	0.2002
LOC126353995	1771	979	3239	3961	3612	1001	638	1444	1621	294	1902	1062	2236	2992	3110	1198	662	1230	1160	658	1620.92	2260	982	0.571	-0.809	-3.601	0.000317296202776462	0.0145055818107131	0.1308	0.1418	0.1331	0.1331	TRUE	0.163
LOC126278559	598	351	170	766	853	186	126	168	273	75	642	381	117	579	734	223	131	143	195	168	331.29	491	172	0.51	-0.97	-3.599	0.00031926687891143	0.014546529984611	0.2244	0.1502	0.2077	0.2077	TRUE	0.2138
LOC126299147	580	517	1188	1210	1025	412	357	462	740	113	623	561	820	914	882	493	370	393	530	253	583.96	760	408	0.634	-0.657	-3.595	0.00032403050359817	0.0147140294452699	0.0553	0.1456	0.0722	0.0722	TRUE	0.2125
LOC126273119	55	41	74	138	168	14	35	36	53	7	59	44	51	104	145	17	36	31	38	16	54.08	81	28	0.509	-0.975	-3.592	0.000327750709326959	0.0148331859485365	0.1844	0.2044	0.1909	0.1909	TRUE	0.2114
LOC126336596	13942	12413	26949	18227	20675	10831	8745	11019	10842	2915	14971	13466	18604	13766	17800	12967	9068	9383	7759	6528	12431.3	15721	9141	0.661	-0.597	-3.59	0.000330191172797039	0.0148591842508701	0.0461	0.1399	0.0569	0.0569	TRUE	0.5464
LOC126365774	112	109	242	135	162	62	77	99	111	34	120	118	167	102	139	74	80	84	79	76	104.1	129	79	0.68	-0.557	-3.587	0.000334236391813296	0.0149764465364818	0.0164	0.1733	0.037	0.037	TRUE	0.3021
LOC126335473	24	38	77	81	105	13	16	6	41	8	26	41	53	61	90	16	17	5	29	18	35.62	54	17	0.484	-1.048	-3.566	0.000362234731078209	0.0158121302611301	0.2216	0.2379	0.2256	0.2256	TRUE	0.2163
LOC126355401	8	44	18	74	62	4	8	14	11	0	9	48	12	56	53	5	8	12	8	0	21.09	36	7	0.376	-1.411	-3.565	0.000363404704498295	0.0158121944092313	0.4827	0.3056	0.428	0.428	TRUE	0.0568
LOC126294990	379	310	739	665	657	263	274	299	430	140	407	336	510	502	566	315	284	255	308	314	379.62	464	295	0.698	-0.519	-3.558	0.000374274210905863	0.016232944301212	0.0229	0.1489	0.0382	0.0382	TRUE	0.1921
LOC126320530	5	7	35	44	39	3	4	3	9	2	5	8	24	33	34	4	4	3	6	4	12.51	21	4	0.386	-1.373	-3.556	0.000376206594630609	0.0162646250432633	0.3252	0.4193	0.3484	0.3484	TRUE	0.0453
LOC126271206	736	576	1321	1532	1003	506	498	379	706	123	790	625	912	1157	864	606	516	323	505	275	657.33	870	445	0.623	-0.683	-3.552	0.000381955556506622	0.0164083256845956	0.0722	0.145	0.0866	0.0866	TRUE	0.2434
LOC126284336	210	61	261	398	327	56	128	51	95	20	226	66	180	301	282	67	133	43	68	45	141	211	71	0.51	-0.973	-3.55	0.000385475059949345	0.0164917767957232	0.2394	0.1645	0.2219	0.2219	TRUE	0.3552
LOC126266847	311	224	491	443	337	196	211	240	277	76	334	243	339	335	290	235	219	204	198	170	256.69	308	205	0.723	-0.467	-3.535	0.000407602385918626	0.0171552449603705	0.0109	0.1533	0.0283	0.0283	TRUE	0.157
LOC126336626	16	73	152	51	98	22	1	8	22	0	17	79	105	39	84	26	1	7	16	0	37.41	65	10	0.348	-1.521	-3.535	0.000407233221155331	0.0171552449603705	0.8488	0.2332	0.618	0.618	TRUE	0.3173
LOC126354562	146	199	322	235	225	114	110	130	200	38	157	216	222	177	194	136	114	111	143	85	155.56	193	118	0.688	-0.54	-3.524	0.000424976376925826	0.0176947087155701	0.0184	0.1621	0.0399	0.0399	TRUE	0.1706
LOC126335183	89	117	472	543	394	90	105	125	107	41	96	127	326	410	339	108	109	106	77	92	178.91	260	98	0.546	-0.873	-3.505	0.00045679852541153	0.0186186676080386	0.1917	0.1592	0.1846	0.1846	TRUE	0.0702
LOC126334876	11560	4160	2807	1364	949	409	1191	359	1930	134	12414	4513	1938	1030	817	490	1235	306	1381	300	2442.32	4142	742	0.385	-1.377	-3.482	0.000497913504543239	0.0201127329656093	0.793	0.1411	0.6083	0.6083	TRUE	0.6638
LOC126336045	36	60	93	77	30	18	18	26	39	9	39	65	64	58	26	22	19	22	28	20	36.24	50	22	0.591	-0.758	-3.471	0.00051887496647626	0.0207233547268593	0.0713	0.2362	0.1038	0.1038	TRUE	0.1787
LOC126353281	11	34	42	76	3	4	4	4	7	4	12	37	29	57	3	5	4	3	5	9	16.4	28	5	0.393	-1.347	-3.465	0.000529989324562661	0.0210796214577962	0.5137	0.3531	0.4729	0.4729	TRUE	0.0945
LOC126281376	1233	1141	2532	2341	1702	750	637	1435	1067	217	1324	1238	1748	1768	1465	898	661	1222	764	486	1157.31	1509	806	0.644	-0.636	-3.462	0.000536217898569341	0.021216668431112	0.0707	0.1427	0.0806	0.0806	TRUE	0.5729
LOC126356284	463	281	785	529	426	177	263	317	321	52	497	305	542	400	367	212	273	270	230	116	321.1	422	220	0.638	-0.648	-3.457	0.00054564936760785	0.0214643233792716	0.0685	0.1505	0.0833	0.0833	TRUE	0.2309
LOC126341671	360	247	483	394	384	136	270	211	177	66	387	268	333	298	331	163	280	180	127	148	251.31	323	180	0.656	-0.607	-3.448	0.000564235197171163	0.0220671407171103	0.0513	0.1536	0.0678	0.0678	TRUE	1.081
LOC126354374	722	707	1250	1030	921	509	658	685	847	283	775	767	863	778	793	609	682	583	606	634	709.1	795	623	0.816	-0.293	-3.445	0.000570412197798951	0.022202674980744	0.0018	0.1446	0.0112	0.0112	TRUE	0.0356
LOC126336250	678	567	746	692	672	330	316	453	246	67	728	615	515	523	579	395	328	386	176	150	439.39	592	287	0.619	-0.691	-3.44	0.000582583300144595	0.022588874548873	0.0974	0.1476	0.107	0.107	TRUE	0.3131
LOC126281456	705	338	720	1418	1089	348	247	336	584	75	757	367	497	1071	938	417	256	286	418	168	517.41	726	309	0.588	-0.766	-3.428	0.000607302365408679	0.0229170848239786	0.1532	0.1464	0.1518	0.1518	TRUE	0.0774
LOC126334786	117	210	201	183	204	54	98	79	78	5	126	228	139	138	176	65	102	67	56	11	110.66	161	60	0.559	-0.839	-3.428	0.000607983553932037	0.0229170848239786	0.1952	0.1713	0.1884	0.1884	TRUE	0.8548
LOC126354603	21	12	15	100	59	4	13	1	9	3	23	13	10	76	51	5	13	1	6	7	20.45	35	6	0.406	-1.299	-3.432	0.000598843769868422	0.0229170848239786	0.5726	0.3108	0.4999	0.4999	TRUE	0.1425
LOC126355596	116	124	285	293	165	94	102	90	104	40	125	135	197	221	142	113	106	77	74	90	127.81	164	92	0.659	-0.602	-3.426	0.000612680062154144	0.0230299627807497	0.0444	0.167	0.0639	0.0639	TRUE	0.1639
LOC126284633	165	135	378	492	368	158	108	120	110	33	177	146	261	372	317	189	112	102	79	74	182.9	255	111	0.598	-0.741	-3.398	0.000679363456072827	0.024846341317777	0.1367	0.1588	0.1413	0.1413	TRUE	0.1942
LOC126295029	35	20	59	57	83	5	16	13	33	9	38	22	41	43	71	6	17	11	24	20	29.19	43	16	0.553	-0.856	-3.395	0.000687108563312522	0.0249274881467696	0.1545	0.2595	0.1805	0.1805	TRUE	0.2714
LOC126335152	89	73	197	199	190	44	60	59	82	3	96	79	136	150	164	53	62	50	59	7	85.52	125	46	0.563	-0.828	-3.395	0.000685608354479195	0.0249274881467696	0.1961	0.1806	0.1913	0.1913	TRUE	0.3574
LOC126271351	298	266	456	405	359	159	174	317	260	100	320	289	315	306	309	190	180	270	186	224	258.91	308	210	0.741	-0.433	-3.387	0.0007060868848847	0.0254116162932441	0.0117	0.1532	0.0276	0.0276	TRUE	0.3112
LOC126352010	378	410	940	809	611	317	215	346	504	79	406	445	649	611	526	380	223	295	361	177	407.14	527	287	0.657	-0.605	-3.376	0.00073470581413257	0.0263714564372465	0.0621	0.1482	0.0774	0.0774	TRUE	0.1946
LOC126271532	1724	1334	2809	2870	2540	1133	1113	1349	1884	674	1851	1447	1939	2168	2187	1356	1154	1149	1348	1510	1610.9	1918	1303	0.739	-0.436	-3.367	0.000759572610098976	0.02697778624635	0.0183	0.1418	0.0324	0.0324	TRUE	0.2317
LOC126284023	4886	4796	7736	5425	5797	2832	2252	2667	4027	378	5247	5203	5340	4097	4991	3391	2335	2271	2882	847	3660.35	4976	2345	0.621	-0.687	-3.361	0.00077560774993282	0.0274751939059972	0.1209	0.1406	0.1247	0.1247	TRUE	1.3526
LOC126272145	981	439	296	2715	1597	384	353	201	371	126	1053	476	204	2051	1375	460	366	171	266	282	670.41	1032	309	0.525	-0.929	-3.337	0.000848031688441941	0.0291668219688648	0.3851	0.1449	0.3244	0.3244	TRUE	0.1115
LOC126285463	6150	4234	10272	10923	7446	3369	2261	4742	6368	1874	6604	4593	7091	8250	6411	4034	2344	4038	4557	4197	5211.88	6590	3834	0.68	-0.556	-3.337	0.000847810393505126	0.0291668219688648	0.0451	0.1403	0.0657	0.0657	TRUE	0.3924
LOC126336190	83	53	98	111	54	37	32	32	58	16	89	57	68	84	46	44	33	27	42	36	52.67	69	36	0.652	-0.617	-3.336	0.000849226119992072	0.0291668219688648	0.0391	0.2061	0.0696	0.0696	TRUE	0.1067
LOC126355175	118	157	259	245	225	105	93	144	146	49	127	170	179	185	194	126	96	123	104	110	141.36	171	112	0.723	-0.468	-3.337	0.000846008977368167	0.0291668219688648	0.0126	0.1644	0.0331	0.0331	TRUE	0.2194
LOC126336104	38	22	62	61	42	16	19	28	21	3	41	24	43	46	36	19	20	24	15	7	27.42	38	17	0.619	-0.691	-3.335	0.000852875134948248	0.0292179906990372	0.0304	0.2673	0.0913	0.0913	TRUE	0.2992
LOC126284321	27	19	16	45	33	0	8	12	13	2	29	21	11	34	28	0	8	10	9	4	15.53	25	6	0.509	-0.973	-3.333	0.000859765025976985	0.0293666496847206	0.2206	0.365	0.2721	0.2721	TRUE	0.404
LOC126297476	3146	3657	6438	5910	5870	2860	2576	3387	3805	865	3378	3967	4444	4464	5054	3424	2671	2884	2723	1937	3494.68	4261	2728	0.716	-0.483	-3.332	0.000861554827433791	0.0293666496847206	0.0295	0.1406	0.0444	0.0444	TRUE	0.3183
LOC126293399	958	751	1584	1600	1260	524	434	864	1108	169	1029	815	1093	1208	1085	627	450	736	793	378	821.47	1046	597	0.676	-0.564	-3.322	0.000892291093954065	0.030261862364377	0.0528	0.1439	0.0692	0.0692	TRUE	0.2793
LOC126277898	38	13	43	35	22	7	4	10	6	9	41	14	30	26	19	8	4	9	4	20	17.55	26	9	0.542	-0.883	-3.321	0.000897924556704219	0.0303767877533037	0.1619	0.3391	0.2117	0.2117	TRUE	0.354
LOC126293386	5820	4450	9319	7771	6914	3548	2929	2945	3623	397	6250	4828	6433	5869	5952	4248	3037	2508	2593	889	4260.67	5866	2655	0.618	-0.695	-3.319	0.00090411128011572	0.0304971018651467	0.1428	0.1405	0.1422	0.1422	TRUE	0.7994
LOC126333298	250	176	362	387	257	92	75	241	154	22	268	191	250	292	221	110	78	205	110	49	177.55	244	110	0.622	-0.686	-3.303	0.000958236226571316	0.031938060635377	0.127	0.1594	0.134	0.134	TRUE	1.7412
LOC126285444	236	178	312	194	170	101	136	117	94	31	253	193	215	147	146	121	141	100	67	69	145.31	191	100	0.655	-0.611	-3.294	0.000986510823011029	0.0325596694072811	0.0714	0.1637	0.0878	0.0878	TRUE	0.2274
LOC126291927	6	9	14	20	5	3	1	0	3	0	6	10	10	15	4	4	1	0	2	0	5.21	9	1	0.435	-1.202	-3.295	0.000985391374533851	0.0325596694072811	0.1334	0.812	0.3609	0.3609	TRUE	0.2616
LOC126356163	982	722	1326	1387	1204	553	595	660	884	123	1055	783	915	1048	1037	662	617	562	633	275	758.64	968	550	0.679	-0.558	-3.279	0.00104123380708146	0.0341989705762774	0.0576	0.1443	0.0719	0.0719	TRUE	0.8556
LOC126284275	734	513	1356	1552	860	470	428	584	773	142	788	557	936	1172	740	563	444	497	553	318	656.84	839	475	0.679	-0.558	-3.265	0.0010959183740054	0.0353937170335111	0.0578	0.145	0.0735	0.0735	TRUE	0.192
LOC126291982	182	119	199	334	361	104	105	70	142	48	195	129	137	252	311	125	109	60	102	108	152.71	205	101	0.642	-0.638	-3.259	0.00111639333761834	0.0359691301063128	0.1013	0.1626	0.1129	0.1129	TRUE	0.1441
LOC126284363	19	10	1	26	22	2	1	5	1	0	20	11	1	20	19	2	1	4	1	0	7.89	14	2	0.431	-1.215	-3.258	0.00112073742568601	0.0360039896453144	0.6835	0.5831	0.652	0.652	TRUE	0.378
LOC126298817	6007	3626	9081	9776	9106	3396	2257	5137	5758	1142	6451	3934	6269	7383	7840	4066	2340	4374	4121	2558	4933.5	6375	3492	0.67	-0.577	-3.257	0.00112512336383936	0.0360039896453144	0.0658	0.1404	0.0851	0.0851	TRUE	0.4573
LOC126355777	65	60	132	71	77	28	48	34	62	16	70	65	91	54	66	34	50	29	44	36	53.84	69	39	0.677	-0.563	-3.243	0.00118080933510428	0.0372464147380679	0.0285	0.2047	0.0596	0.0596	TRUE	0.3294
LOC126281379	108	111	217	190	134	46	101	82	113	39	116	120	150	143	115	55	105	70	81	87	104.29	129	80	0.709	-0.496	-3.209	0.00133266940505383	0.0405251289644684	0.0228	0.1732	0.0472	0.0472	TRUE	0.3125
LOC126299413	80	47	100	70	62	32	23	51	48	10	86	51	69	53	53	38	24	43	34	22	47.45	62	32	0.669	-0.579	-3.199	0.00137826736805781	0.0414529833656169	0.0376	0.2134	0.0735	0.0735	TRUE	0.3708
LOC126355742	4	1	4	25	1	0	0	0	0	0	4	1	3	19	1	0	0	0	0	0	2.79	6	0	0.449	-1.156	-3.19	0.00142176790489154	0.0425649630287442	1.7806	1.3949	1.6188	1.6188	TRUE	1.9274
LOC126272599	156	136	170	394	409	61	91	128	177	46	168	148	117	298	352	73	94	109	127	103	158.82	217	101	0.644	-0.635	-3.189	0.00142573926176218	0.0425896328701233	0.1266	0.1617	0.1336	0.1336	TRUE	0.1288
LOC126284088	3122	3124	5798	5634	4815	2089	2104	2934	3547	448	3353	3389	4003	4255	4145	2501	2182	2498	2538	1003	2986.75	3829	2144	0.684	-0.548	-3.188	0.00143062731297107	0.0426415171786883	0.0704	0.1408	0.082	0.082	TRUE	1.0702
LOC126354916	1551	1271	2777	2996	2106	1033	990	1440	1802	295	1666	1379	1917	2263	1813	1237	1027	1226	1290	661	1447.71	1808	1088	0.705	-0.504	-3.184	0.00145050622492062	0.042763072408771	0.0485	0.1421	0.0624	0.0624	TRUE	0.3767
LOC126271859	0	0	321	2	346	0	0	1	1	0	0	0	222	2	298	0	0	1	1	0	52.26	104	0	0.587	-0.768	-3.183	0.00145773499697085	0.0428827608239337	6.4156	0.2066	2.9439	6.4156	TRUE	0.0727
LOC126334987	5257	5223	10957	11638	9667	4221	3941	6368	6977	1706	5645	5666	7564	8790	8323	5054	4086	5423	4993	3821	5936.41	7198	4675	0.733	-0.449	-3.174	0.00150325898082526	0.0439354223078346	0.0315	0.1402	0.046	0.046	TRUE	0.0728
LOC126284417	5731	6389	11210	11723	9467	4615	4415	4541	5386	708	6154	6931	7739	8854	8150	5525	4578	3867	3854	1586	5723.84	7566	3882	0.665	-0.588	-3.169	0.00153034025712154	0.044534547009395	0.1039	0.1403	0.1105	0.1105	TRUE	1.2296
LOC126269513	13	12	9	9	14	2	1	5	2	2	14	13	6	7	12	2	1	4	1	4	6.56	10	2	0.541	-0.886	-3.167	0.00154093340687351	0.0447101067012614	0	0.6729	0.228	0.228	TRUE	0.14
LOC126312017	230	218	705	547	485	136	125	337	212	86	247	236	487	413	418	163	130	287	152	193	272.46	360	185	0.666	-0.586	-3.162	0.00156730842422224	0.0453039919821275	0.0986	0.1525	0.1073	0.1073	TRUE	0.1882
LOC126267503	67	47	77	41	77	31	31	15	22	10	72	51	53	31	66	37	32	13	16	22	39.35	55	24	0.636	-0.653	-3.158	0.00159095130343748	0.0453607956043471	0.115	0.2286	0.1405	0.1405	TRUE	0.2915
LOC126355923	289	80	586	441	521	67	70	96	85	112	310	87	405	333	449	80	73	82	61	251	212.95	317	109	0.594	-0.751	-3.159	0.00158205812050836	0.0453607956043471	0.3245	0.1561	0.2827	0.2827	TRUE	1.2185
LOC126284332	11	5	25	26	22	4	6	7	4	0	12	5	17	20	19	5	6	6	3	0	9.29	15	4	0.569	-0.814	-3.152	0.00162207633528813	0.0454007479220119	0.1045	0.5164	0.2303	0.2303	TRUE	0.2354
LOC126293389	290	362	597	422	484	247	280	277	313	97	311	393	412	319	417	296	290	236	224	217	311.48	370	253	0.755	-0.406	-3.155	0.0016072413502253	0.0454007479220119	0.0165	0.1509	0.033	0.033	TRUE	0.0992
LOC126334634	613	554	1530	1433	1217	508	424	612	883	186	658	601	1056	1082	1048	608	440	521	632	417	706.3	889	524	0.702	-0.511	-3.151	0.00162579565370225	0.0454007479220119	0.055	0.1446	0.0687	0.0687	TRUE	0.1164
LOC126336743	19	22	35	44	21	9	14	13	15	2	20	24	24	33	18	11	15	11	11	4	17.13	24	10	0.642	-0.639	-3.151	0.00162566645630669	0.0454007479220119	0.015	0.3439	0.0926	0.0926	TRUE	0.3387
LOC126354735	39	42	31	24	103	8	17	16	27	6	42	46	21	18	89	10	18	14	19	13	28.92	43	15	0.598	-0.742	-3.153	0.00161647131419424	0.0454007479220119	0.2271	0.2607	0.2345	0.2345	TRUE	0.3865
LOC126282524	0	70	3	2	56	0	0	0	1	0	0	76	2	2	48	0	0	0	1	0	12.84	26	0	0.537	-0.896	-3.143	0.0016729575229381	0.0463902893450787	3.9433	0.4121	2.1359	3.9433	TRUE	0.1083
LOC126272812	1491	1506	2646	2343	2523	1103	1208	1296	1663	273	1601	1634	1827	1770	2172	1321	1253	1104	1190	611	1448.15	1801	1096	0.713	-0.489	-3.142	0.00167961712325451	0.0464797114762372	0.0473	0.1421	0.0614	0.0614	TRUE	0.7126
LOC126278623	17	19	38	38	27	16	10	7	9	1	18	21	26	29	23	19	10	6	6	2	16.12	23	9	0.618	-0.694	-3.139	0.00169807075936055	0.0466091146362414	0.0473	0.3568	0.1523	0.1523	TRUE	1.0857
LOC126355333	109	152	118	227	235	65	62	96	128	13	117	165	81	171	202	78	64	82	92	29	108.17	147	69	0.655	-0.611	-3.138	0.00170290975320866	0.0466473173692705	0.1176	0.172	0.1296	0.1296	TRUE	0.1881
LOC126355141	304	405	625	803	684	273	207	268	376	34	326	439	431	606	589	327	215	228	269	76	350.75	478	223	0.652	-0.617	-3.137	0.00170739001350836	0.0466755589147376	0.1409	0.1496	0.1428	0.1428	TRUE	0.4403
LOC126284375	362	453	545	410	332	184	197	239	381	126	389	491	376	310	286	220	204	204	273	282	303.48	370	237	0.73	-0.454	-3.119	0.00181284842355517	0.0491792503488971	0.0322	0.1512	0.0483	0.0483	TRUE	0.2907
LOC126295227	174	160	263	411	261	50	62	180	215	31	187	174	182	310	225	60	64	153	154	69	157.78	216	100	0.655	-0.609	-3.118	0.00181843946858821	0.0491792503488971	0.1337	0.1618	0.1396	0.1396	TRUE	0.32
LOC126335050	2752	2397	4518	4995	3901	1500	1947	3025	3543	834	2955	2600	3119	3773	3358	1796	2019	2576	2536	1868	2659.95	3161	2159	0.757	-0.401	-3.119	0.00181587191499653	0.0491792503488971	0.024	0.141	0.0368	0.0368	TRUE	0.1453
LOC126284380	0	19	30	15	12	1	2	0	1	2	0	21	21	11	10	1	2	0	1	4	7.14	13	2	0.489	-1.031	-3.117	0.00182460665039547	0.0491844167194254	0.9086	0.6295	0.7995	0.7995	TRUE	0.1526
LOC126271954	1295	595	1829	2284	2012	665	489	956	1166	301	1391	645	1263	1725	1732	796	507	814	834	674	1038.18	1351	725	0.682	-0.552	-3.115	0.00184066269686592	0.0494203325674398	0.0891	0.143	0.0986	0.0986	TRUE	0.4033
LOC126324086	17	14	22	18	28	2	4	14	8	0	18	15	15	14	24	2	4	12	6	0	11.05	17	5	0.592	-0.757	-3.115	0.00183984215214912	0.0494203325674398	0.0908	0.4563	0.2201	0.2201	TRUE	1.395
