Id	SCANC_S_Iso_SRR17648044	SCANC_S_Iso_SRR17648046	SCANC_S_Iso_SRR17648050	SCANC_S_Iso_SRR17648052	SCANC_S_Iso_SRR17648054	SCANC_G_Crd_SRR17648042	SCANC_G_Crd_SRR17648048	SCANC_G_Crd_SRR17648056	SCANC_G_Crd_SRR17648058	SCANC_G_Crd_SRR17648060	norm.SCANC_S_Iso_SRR17648044	norm.SCANC_S_Iso_SRR17648046	norm.SCANC_S_Iso_SRR17648050	norm.SCANC_S_Iso_SRR17648052	norm.SCANC_S_Iso_SRR17648054	norm.SCANC_G_Crd_SRR17648042	norm.SCANC_G_Crd_SRR17648048	norm.SCANC_G_Crd_SRR17648056	norm.SCANC_G_Crd_SRR17648058	norm.SCANC_G_Crd_SRR17648060	baseMean	Isolated	Crowded	FoldChange	log2FoldChange	stat	pvalue	padj	dispGeneEst	dispFit	dispMAP	dispersion	betaConv	maxCooks
LOC126266677	1298	2713	1329	954	1655	556	981	525	358	529	1167	2130	1526	763	1757	476	950	617	437	615	1043.91	1469	619	0.489	-1.032	-4.055	5.01080455779775e-05	0.00251110371941777	0.1164	0.0816	0.1122	0.1122	TRUE	0.1322
LOC126266685	22	25	15	58	23	7	13	8	4	6	20	20	17	46	24	6	13	9	5	7	16.73	25	8	0.458	-1.126	-3.524	0.000424420369870782	0.0110464226247219	0.1138	0.7808	0.1873	0.1873	TRUE	1.494
LOC126266700	352	447	499	417	349	1133	978	766	558	548	316	351	573	333	371	971	947	900	681	637	608.12	389	827	2.027	1.019	5.141	2.72891061099145e-07	4.89389558358651e-05	0.047	0.0898	0.0523	0.0523	TRUE	0.3828
LOC126266726	22	66	15	26	21	131	123	179	305	214	20	52	17	21	22	112	119	210	372	249	119.48	26	212	7.198	2.848	6.846	7.58058268713301e-12	6.09356409779801e-09	0.2187	0.1697	0.2104	0.2104	TRUE	0.2175
LOC126266734	3	0	0	2	0	23	8	68	0	12	3	0	0	2	0	20	8	80	0	14	12.56	1	24	3.64	1.864	3.342	0.000832868229685704	0.0173243864256432	2.2906	1.0163	1.9082	1.9082	TRUE	0.8227
LOC126266871	4	23	13	28	30	63	221	79	118	34	4	18	15	22	32	54	214	93	144	40	63.53	18	109	4.502	2.171	4.424	9.68786165282781e-06	0.000744913522288291	0.4072	0.2573	0.3796	0.3796	TRUE	0.1302
LOC126266914	697	2260	617	303	608	207	471	210	149	206	627	1775	709	242	646	177	456	247	182	240	529.94	800	260	0.482	-1.052	-3.457	0.000546821744372239	0.0130461584969377	0.3039	0.0926	0.2607	0.2607	TRUE	0.5927
LOC126266940	15	28	9	95	15	121	812	219	225	180	13	22	10	76	16	104	787	257	275	209	176.93	27	326	9.769	3.288	5.569	2.56469336167399e-08	6.6366372835933e-06	0.5644	0.1374	0.4721	0.4721	TRUE	1.0168
LOC126266969	250	909	25	585	172	24	27	61	33	50	225	714	29	468	183	21	26	72	40	58	183.43	324	43	0.185	-2.438	-4.422	9.78373504925429e-06	0.000748011016038442	0.6037	0.135	0.5038	0.5038	TRUE	0.1103
LOC126267082	63	169	2	49	29	2	1	3	0	2	57	133	2	39	31	2	1	4	0	2	27.01	52	2	0.048	-4.391	-5.08	3.77608838057379e-07	6.19646893280499e-05	0.8951	0.5102	0.8155	0.8155	TRUE	0.2276
LOC126267091	2	6	2	4	2	19	15	5	17	17	2	5	2	3	2	16	15	6	21	20	9.13	3	16	3.713	1.892	4.056	4.99595324986054e-05	0.00251110371941777	0	1.3717	0.2318	0.2318	TRUE	0.3183
LOC126267101	96	111	6	88	82	5	5	20	7	6	86	87	7	70	87	4	5	24	9	7	38.59	67	10	0.211	-2.242	-4.137	3.51867750626902e-05	0.00190149897688177	0.5227	0.3782	0.4973	0.4973	TRUE	1.8619
LOC126267207	1	0	3	8	5	38	25	29	48	159	1	0	3	6	5	33	24	34	59	185	35.04	3	67	15.941	3.995	5.296	1.18138526556577e-07	2.56398711829887e-05	0.7504	0.4095	0.6714	0.6714	TRUE	1.4774
LOC126267259	352	7276	682	133	498	43	333	16	82	40	316	5714	783	106	529	37	323	19	100	47	797.32	1490	105	0.231	-2.115	-3.539	0.00040234699176033	0.0105948749924207	1.3993	0.0851	1.064	1.3993	TRUE	4.3107
LOC126267269	33	52	38	31	25	106	50	126	131	74	30	41	44	25	27	91	48	148	160	86	69.88	33	107	2.801	1.486	4.601	4.20766903168701e-06	0.00040121270427154	0.1273	0.2403	0.1424	0.1424	TRUE	0.0786
LOC126267274	53	11	32	114	13	206	117	76	168	195	48	9	37	91	14	177	113	89	205	227	100.89	40	162	2.544	1.347	3.578	0.000345974810169904	0.00950089192989026	0.4159	0.188	0.3719	0.3719	TRUE	0.5295
LOC126267355	484	171	1126	951	2237	3324	1921	6272	3279	2903	435	134	1293	760	2375	2848	1861	7373	4002	3376	2445.68	999	3892	2.02	1.015	3.216	0.00129850043257446	0.023020582108988	0.5327	0.0751	0.4461	0.4461	TRUE	0.9308
LOC126267438	36	13	29	49	20	101	73	62	35	82	32	10	33	39	21	87	71	73	43	95	50.45	27	74	2.129	1.09	3.755	0.000173600662103394	0.00586927263633986	0.1261	0.3058	0.1518	0.1518	TRUE	0.5065
LOC126267473	397	258	383	166	205	91	152	77	50	65	357	203	440	133	218	78	147	91	61	76	180.2	270	91	0.395	-1.34	-4.257	2.06842925474368e-05	0.0012946564258551	0.1603	0.1362	0.1565	0.1565	TRUE	0.1129
LOC126267497	76	303	75	26	64	22	34	22	15	9	68	238	86	21	68	19	33	26	18	10	58.75	96	21	0.349	-1.519	-3.705	0.00021144231465579	0.00669451243766661	0.406	0.2725	0.3841	0.3841	TRUE	0.6354
LOC126267543	445	434	532	438	518	1159	1292	777	919	1038	400	341	611	350	550	993	1252	913	1122	1207	773.84	450	1097	2.351	1.233	6.379	1.78738284891458e-10	8.53856565783797e-08	0.0436	0.0856	0.0474	0.0474	TRUE	0.425
LOC126267547	36	2140	188	1	5	3	7	3	2	5	32	1681	216	1	5	3	7	4	2	6	195.6	387	4	0.03	-5.061	-4.523	6.08923665872188e-06	0.000527604760438279	2.3644	0.131	1.8103	2.3644	TRUE	3.5489
LOC126267550	1353	312	1140	4117	629	6967	1605	7113	4857	8097	1216	245	1309	3291	668	5969	1555	8361	5928	9415	3795.78	1346	6246	2.888	1.53	3.69	0.000224132259936146	0.00691725616903848	0.4948	0.0733	0.432	0.432	TRUE	0.7319
LOC126267553	952	20136	2020	788	1405	389	498	109	344	720	856	15812	2320	630	1492	333	482	128	420	837	2331.05	4222	440	0.167	-2.58	-4.132	3.59741141452481e-05	0.00193627071975383	0.9764	0.0753	0.7472	0.7472	TRUE	5.3506
LOC126267565	16	26	0	35	39	0	1	1	3	2	14	20	0	28	41	0	1	1	4	2	11.23	21	2	0.281	-1.832	-3.414	0.000641085137188397	0.0146686694445233	1.0555	1.1285	1.0716	1.0716	TRUE	0.0797
LOC126267627	164	178	85	141	101	39	78	44	27	30	147	140	98	113	107	33	76	52	33	35	83.33	121	46	0.412	-1.279	-4.87	1.1183161081723e-06	0.00014331487191968	0.0644	0.2129	0.0841	0.0841	TRUE	0.6598
LOC126267655	577	1903	22	627	645	1	7	0	21	17	519	1494	25	501	685	1	7	0	26	20	327.74	645	11	0.029	-5.121	-5.149	2.61801161909924e-07	4.82574854063005e-05	1.5431	0.1065	1.0932	1.5431	TRUE	0.164
LOC126267671	156	255	75	170	172	57	63	60	41	55	140	200	86	136	183	49	61	71	50	64	103.95	149	59	0.422	-1.246	-5.123	3.01248139545833e-07	5.06699370716092e-05	0.0555	0.1846	0.0705	0.0705	TRUE	0.1403
LOC126267732	609	427	464	976	540	1296	1962	1391	1027	1554	547	335	533	780	573	1110	1901	1635	1253	1807	1047.57	554	1541	2.63	1.395	6.057	1.38497536690376e-09	4.93490252522007e-07	0.0643	0.0816	0.0702	0.0702	TRUE	0.1726
LOC126267978	5	20	17	13	13	48	44	48	46	14	4	16	20	10	14	41	43	56	56	16	27.65	13	42	2.434	1.283	3.737	0.000186516255776126	0.00612137253103307	0.1639	0.5001	0.212	0.212	TRUE	0.3517
LOC126268224	13	56	26	10	42	122	243	199	209	135	12	44	30	8	45	105	235	234	255	157	112.4	28	197	6.192	2.63	5.93	3.02574920240246e-09	9.69392411131608e-07	0.2747	0.176	0.2556	0.2556	TRUE	0.2769
LOC126269449	6	3	3	35	0	146	34	135	109	277	5	2	3	28	0	125	33	159	133	322	81.1	8	154	14.145	3.822	4.96	7.06666969237772e-07	9.90511535214943e-05	1.0598	0.2168	0.8328	0.8328	TRUE	0.8526
LOC126271859	0	1	165	22	238	0	2	0	0	0	0	1	189	18	253	0	2	0	0	0	46.25	92	0	0.292	-1.774	-3.395	0.000686723884875293	0.0152736472642677	5.2023	0.3272	3.0919	5.2023	TRUE	0.1998
LOC126271867	11	33	4	30	7	49	183	292	70	99	10	26	5	24	7	42	177	343	85	115	83.49	14	152	8.651	3.113	5.441	5.30956062225878e-08	1.27581156666275e-05	0.4842	0.2126	0.4313	0.4313	TRUE	0.243
LOC126271968	365	540	384	188	267	116	161	46	98	39	328	424	441	150	283	99	156	54	120	45	210.13	325	95	0.346	-1.533	-4.452	8.50854310069666e-06	0.000677461277887422	0.1962	0.1268	0.184	0.184	TRUE	0.2358
LOC126272147	110	65	86	177	133	386	173	197	161	350	99	51	99	141	141	331	168	232	196	407	186.47	106	267	2.072	1.051	3.874	0.00010699744114871	0.00427227765013958	0.135	0.134	0.1348	0.1348	TRUE	0.1467
LOC126272242	281	2308	10	18	11	7	37	10	7	13	253	1812	11	14	12	6	36	12	9	15	217.98	420	16	0.152	-2.714	-3.663	0.000249244089944428	0.00751979478540856	1.9972	0.1247	1.5515	1.9972	TRUE	3.4057
LOC126272272	2	1	4	0	2	126	1	960	0	2	2	1	5	0	2	108	1	1129	0	2	124.91	2	248	7.918	2.985	3.691	0.000222950491737953	0.00690663716176909	4.1577	0.1654	2.9134	4.1577	TRUE	6.4798
LOC126272290	95	58	96	92	63	295	108	286	328	449	85	46	110	74	67	253	105	336	400	522	199.76	76	323	3.661	1.872	5.172	2.3146490855376e-07	4.44941687071342e-05	0.1991	0.1297	0.1872	0.1872	TRUE	0.0965
LOC126272301	0	4	0	0	2	3	118	2	61	280	0	3	0	0	2	3	114	2	74	326	52.45	1	104	40.623	5.344	4.789	1.67645886079776e-06	0.000197880968692058	2.5733	0.2968	1.8421	1.8421	TRUE	0.3149
LOC126272350	2567	474	1454	6265	1571	12641	3297	6098	8361	13192	2307	372	1670	5008	1668	10831	3194	7168	10204	15340	5776.23	2205	9347	2.768	1.469	3.708	0.00020893282433065	0.00666208550756689	0.4196	0.0723	0.379	0.379	TRUE	0.3212
LOC126272376	0	1	1	2	0	84	5	65	9	20	0	1	1	2	0	72	5	76	11	23	19.1	1	37	31.097	4.959	5.138	2.77336303144654e-07	4.89389558358651e-05	0.8559	0.6926	0.8227	0.8227	TRUE	0.0444
LOC126272465	53	8	105	17	233	258	1260	318	445	513	48	6	121	14	247	221	1221	374	543	597	339.05	87	591	3.1	1.632	3.514	0.000441038213790303	0.0114127119322352	0.9385	0.1053	0.7373	0.7373	TRUE	0.9144
LOC126272485	74	20	23	63	38	1	17	3	0	2	67	16	26	50	40	1	16	4	0	2	22.25	40	5	0.256	-1.965	-3.651	0.000261094183631197	0.00773850954832904	0.7696	0.6044	0.7321	0.7321	TRUE	0.8449
LOC126272571	19	32	5	14	18	40	45	50	25	68	17	25	6	11	19	34	44	59	31	79	32.45	16	49	2.314	1.211	3.722	0.000197524499804311	0.0063585877257579	0.1522	0.4365	0.1925	0.1925	TRUE	0.1881
LOC126272572	2430	147	1146	145	72	5730	2178	9619	4860	2397	2184	115	1316	116	76	4909	2110	11307	5931	2787	3085.34	761	5409	2.105	1.074	3.084	0.00203943449033648	0.0311199591456236	1.0092	0.0741	0.8367	1.0092	TRUE	0.7652
LOC126272576	425	501	414	697	593	950	921	1046	711	1184	382	393	475	557	630	814	892	1230	868	1377	761.79	487	1036	2.014	1.01	5.047	4.49010550870648e-07	7.10810114413581e-05	0.0512	0.0858	0.0543	0.0543	TRUE	0.152
LOC126272598	9088	7805	5361	5610	11245	2436	3108	270	2206	2332	8169	6129	6157	4484	11939	2087	3011	317	2692	2712	4769.75	7376	2164	0.418	-1.257	-3.66	0.000252678445025004	0.00758194028061634	0.3399	0.0727	0.2804	0.2804	TRUE	0.5379
LOC126272642	167	107	126	251	110	428	397	222	292	182	150	84	145	201	117	367	385	261	356	212	227.65	139	316	2.052	1.037	4.384	1.16469428364855e-05	0.000851745993520377	0.0761	0.1224	0.0824	0.0824	TRUE	0.277
LOC126272787	2748	3733	830	3968	1379	7991	1923	5774	6609	8303	2470	2931	953	3172	1464	6847	1863	6787	8066	9655	4420.84	2198	6644	2.241	1.164	3.684	0.000229951920255984	0.00703234781582845	0.2657	0.0729	0.225	0.225	TRUE	0.3777
LOC126272788	1533	352	1126	1296	1302	4006	1879	3390	3082	2304	1378	276	1293	1036	1382	3432	1820	3985	3761	2679	2104.39	1073	3135	2.352	1.234	3.936	8.29257992043796e-05	0.00357644087850683	0.2121	0.0759	0.185	0.185	TRUE	0.5706
LOC126272820	0	2	1	4	0	19	7	39	18	21	0	2	1	3	0	16	7	46	22	24	12.12	1	23	13.169	3.719	4.82	1.43448551832661e-06	0.00017708657921654	0.3903	1.0509	0.5198	0.5198	TRUE	0.2855
LOC126272823	3	5	28	17	8	58	11	82	61	71	3	4	32	14	8	50	11	96	74	83	37.46	12	63	2.364	1.241	3.31	0.000933956091373801	0.0184813428904792	0.6133	0.3875	0.5734	0.5734	TRUE	0.6464
LOC126272831	35	9	46	53	11	169	110	131	163	93	31	7	53	42	12	145	107	154	199	108	85.78	29	143	3.977	1.992	4.689	2.74381062165725e-06	0.000293021553373175	0.2822	0.2088	0.2683	0.2683	TRUE	0.5332
LOC126272891	21	5	3	3	2	461	65	970	1073	187	19	4	3	2	2	395	63	1140	1310	217	315.59	6	625	74.238	6.214	8.24	1.72143925336178e-16	2.57374295480401e-13	0.9164	0.1079	0.7082	0.7082	TRUE	0.1451
LOC126272892	6	7	1	6	1	282	52	529	626	242	5	5	1	5	1	242	50	622	764	281	197.71	3	392	83.431	6.383	9.496	2.18233481892249e-21	5.46754328228306e-18	0.5941	0.1303	0.4762	0.4762	TRUE	0.0476
LOC126272895	25	18	53	302	16	382	136	3804	356	573	22	14	61	241	17	327	132	4472	434	666	638.74	71	1206	6.542	2.71	3.789	0.000151437543684258	0.00534840836696949	1.3874	0.0888	1.0582	1.3874	TRUE	4.2698
LOC126272901	2	25	4	5	3	47	12	77	24	18	2	20	5	4	3	40	12	91	29	21	22.58	7	39	2.444	1.289	3.313	0.000921474984709661	0.0183652264351134	0.6108	0.5966	0.6087	0.6087	TRUE	0.836
LOC126272947	387	546	314	319	660	148	73	32	74	73	348	429	361	255	701	127	71	38	90	85	250.33	419	82	0.218	-2.201	-6.612	3.80012935296498e-11	2.43497812254747e-08	0.1504	0.1177	0.1437	0.1437	TRUE	0.3833
LOC126272949	265	11876	283	525	1363	60	62	210	119	86	238	9326	325	420	1447	51	60	247	145	100	1235.95	2351	121	0.091	-3.464	-4.258	2.05963874127172e-05	0.0012946564258551	1.2112	0.0798	0.9225	1.2112	TRUE	3.6859
LOC126272958	2	7	9	2	3	172	43	534	147	51	2	5	10	2	3	147	42	628	179	59	107.79	4	211	37.269	5.22	7.122	1.06662355709828e-12	1.10403742956265e-09	0.7596	0.1805	0.6292	0.6292	TRUE	0.766
LOC126273001	48	135	63	62	68	28	31	25	17	25	43	106	72	50	72	24	30	29	21	29	47.65	69	27	0.441	-1.181	-4.295	1.7444219895779e-05	0.00115063442606668	0.0677	0.3197	0.0945	0.0945	TRUE	0.2431
LOC126273031	76	800	7	16	1	1	10	0	0	3	68	628	8	13	1	1	10	0	0	3	73.25	144	3	0.078	-3.684	-3.937	8.2347668961345e-05	0.00356292679596096	3.1489	0.2325	2.2943	2.2943	TRUE	5.6713
LOC126273032	29	344	3	38	4	4	6	4	3	4	26	270	3	30	4	3	6	5	4	5	35.65	67	5	0.159	-2.654	-3.809	0.000139276058877209	0.00510653582629897	1.2943	0.4036	1.1388	1.1388	TRUE	4.8736
LOC126273038	69	29	54	175	26	425	144	100	304	382	62	23	62	140	28	364	139	118	371	444	175.07	63	287	3.299	1.722	4.037	5.41085025283727e-05	0.00265724091248826	0.3994	0.1381	0.3442	0.3442	TRUE	0.2195
LOC126273116	15	7	19	42	15	44	71	123	27	59	13	5	22	34	16	38	69	145	33	69	44.29	18	71	2.494	1.318	3.586	0.000336082105030247	0.00934363802745248	0.325	0.3386	0.3271	0.3271	TRUE	0.4682
LOC126273126	3785	12724	2664	1609	3061	838	2000	1110	893	574	3402	9992	3059	1286	3250	718	1937	1305	1090	667	2670.72	4198	1143	0.375	-1.415	-3.833	0.000126535121031693	0.00475602399050966	0.3476	0.0747	0.2872	0.2872	TRUE	0.8865
LOC126273129	14	8	4	9	3	54	8	64	18	30	13	6	5	7	3	46	8	75	22	35	21.99	7	37	3.426	1.777	3.836	0.00012497472758286	0.00472376386054764	0.3719	0.6107	0.4054	0.4054	TRUE	0.1273
LOC126273152	1652	3428	1112	1702	1342	848	1118	459	512	511	1485	2692	1277	1361	1425	727	1083	540	625	594	1180.75	1648	714	0.478	-1.066	-4.438	9.06399699105266e-06	0.000709099671579097	0.0891	0.0803	0.0878	0.0878	TRUE	1.5507
LOC126273222	805	5212	2742	424	792	274	351	271	103	372	724	4093	3149	339	841	235	340	319	126	433	1059.69	1829	291	0.216	-2.214	-4.379	1.19031192438836e-05	0.000865774986733502	0.5491	0.0814	0.4395	0.4395	TRUE	0.0918
LOC126273451	407	409	345	457	423	175	202	158	155	102	366	321	396	365	449	150	196	186	189	119	273.68	379	168	0.454	-1.138	-6.798	1.06418266884956e-11	7.95535666224429e-09	0.0214	0.1136	0.0315	0.0315	TRUE	0.28
LOC126277894	960	804	401	1551	492	1987	1122	1428	3480	1543	863	631	461	1240	522	1702	1087	1679	4247	1794	1422.63	743	2102	2.225	1.154	3.808	0.000139879495850683	0.0051147241743663	0.2113	0.0786	0.1852	0.1852	TRUE	1.2835
LOC126277974	3	1	3	26	1	47	2	51	61	73	3	1	3	21	1	40	2	60	74	85	29.03	6	52	2.553	1.352	3.229	0.00124214410962327	0.0222857215187875	1.2026	0.4797	1.0645	1.0645	TRUE	1.0069
LOC126278137	722	100	2216	371	1396	12136	8141	7571	9789	4999	649	79	2545	297	1482	10398	7886	8900	11947	5813	4999.49	1010	8989	6.807	2.767	4.773	1.81948034951897e-06	0.00020697127600171	0.6725	0.0726	0.524	0.524	TRUE	1.261
LOC126278159	40	26	47	74	41	5	15	5	11	3	36	20	54	59	44	4	15	6	13	3	25.46	43	8	0.244	-2.036	-4.654	3.25833419678622e-06	0.000332152613272389	0.1768	0.537	0.2328	0.2328	TRUE	0.2114
LOC126278310	444	89	235	991	217	1705	535	2259	1277	2033	399	70	270	792	230	1461	518	2656	1558	2364	1031.85	352	1711	3.462	1.792	4.052	5.08737540465982e-05	0.00253539716463343	0.4672	0.0817	0.3787	0.3787	TRUE	0.355
LOC126278493	49	85	40	31	73	9	30	15	12	8	44	67	46	25	78	8	29	18	15	9	33.74	52	16	0.418	-1.257	-3.71	0.000207041716940415	0.00661746637327844	0.1824	0.4225	0.2157	0.2157	TRUE	0.2223
LOC126278555	5	11	2	5	7	10	19	19	23	13	4	9	2	4	7	9	18	22	28	15	11.94	5	18	2.021	1.015	3.307	0.000942654313815515	0.0185987631183307	0.1066	1.0661	0.2242	0.2242	TRUE	0.1075
LOC126278623	1	1	0	0	2	23	9	12	9	3	1	1	0	0	2	20	9	14	11	3	6.08	1	11	7.723	2.949	3.998	6.3862241568524e-05	0.00302581099488049	0	2.0249	0.5026	0.5026	TRUE	0.1843
LOC126278643	2	1	3	1	1	6	5	19	4	71	2	1	3	1	1	5	5	22	5	83	12.77	2	24	6.315	2.659	3.796	0.000146931712334368	0.00525827957758313	0.9784	1.0014	0.9816	0.9816	TRUE	1.2594
LOC126278665	37	6	125	14	0	0	0	1	3	3	33	5	144	11	0	0	0	1	4	3	20.1	39	2	0.353	-1.501	-3.199	0.00138087290048138	0.0240375494810835	2.6523	0.6615	2.1067	2.1067	TRUE	1.1184
LOC126278673	14	140	31	69	91	7	15	16	2	2	13	110	36	55	97	6	15	19	2	2	35.4	62	9	0.236	-2.086	-3.924	8.70662284810997e-05	0.00368416091333861	0.5795	0.406	0.5481	0.5481	TRUE	0.0901
LOC126278680	60	93	77	82	17	152	135	145	136	131	54	73	88	66	18	130	131	170	166	152	104.88	60	150	2.043	1.031	3.821	0.000132791968561293	0.00490892507956253	0.1229	0.1836	0.1329	0.1329	TRUE	1.154
LOC126278873	2	2	0	1	4	14	1	24	54	3	2	2	0	1	4	12	1	28	66	3	11.9	2	22	3.093	1.629	3.313	0.000922628795343093	0.0183652264351134	1.239	1.0692	1.2101	1.2101	TRUE	0.2876
LOC126278988	2	1	1	2	4	22	4	8	20	34	2	1	1	2	4	19	4	9	24	40	10.56	2	19	6.176	2.627	4.103	4.07321264011487e-05	0.00213265172316676	0.4215	1.1953	0.5257	0.5257	TRUE	0.1069
LOC126279939	235	157	176	451	158	654	259	1948	489	920	211	123	202	361	168	560	251	2290	597	1070	583.27	213	954	3.366	1.751	4.16	3.18240557914459e-05	0.001740749978576	0.3849	0.0906	0.3217	0.3217	TRUE	0.4414
LOC126280462	502	308	419	651	432	764	998	3098	907	427	451	242	481	520	459	655	967	3642	1107	497	901.99	431	1374	2.03	1.022	3.368	0.000757606855526246	0.0162072461811783	0.3531	0.0834	0.2949	0.2949	TRUE	2.0411
LOC126280638	11	18	21	127	31	110	43	763	223	256	10	14	24	102	33	94	42	897	272	298	178.52	37	321	5.156	2.366	3.988	6.65082109961511e-05	0.00311823863123418	0.8951	0.1368	0.7258	0.7258	TRUE	0.4796
LOC126280740	175	40	180	332	80	861	177	660	552	639	157	31	207	265	85	738	171	776	674	743	384.75	149	620	2.892	1.532	3.838	0.000124163514042675	0.00471961651118147	0.4065	0.1011	0.3408	0.3408	TRUE	1.0872
LOC126281215	26	36	15	26	20	53	47	54	44	45	23	28	17	21	21	45	46	63	54	52	37.13	22	52	2.167	1.116	4.892	9.99778513461616e-07	0.000129355958434034	0	0.3903	0.0428	0.0428	TRUE	0.1628
LOC126281350	20	24	16	48	15	71	66	55	85	116	18	19	18	38	16	61	64	65	104	135	53.75	22	86	3.404	1.767	5.248	1.53567773160009e-07	3.17908916252474e-05	0.1158	0.2913	0.1389	0.1389	TRUE	0.3405
LOC126281379	244	551	229	359	282	109	110	111	114	102	219	433	263	287	299	93	107	130	139	119	208.96	300	118	0.408	-1.293	-6.2	5.64544746357678e-10	2.37391065843404e-07	0.042	0.1271	0.0514	0.0514	TRUE	0.4702
LOC126281454	58	34	19	50	3	37	62	215	80	188	52	27	22	40	3	32	60	253	98	219	80.46	29	132	2.123	1.086	3.218	0.00129241588542665	0.0229862578287751	0.6187	0.218	0.5384	0.5384	TRUE	0.0627
LOC126281526	65	37	85	18	95	13	22	6	14	10	58	29	98	14	101	11	21	7	17	12	36.86	60	14	0.355	-1.494	-3.705	0.000211070418870649	0.00669451243766661	0.3427	0.3927	0.3502	0.3502	TRUE	0.0517
LOC126281576	38	103	53	43	77	140	123	122	137	125	34	81	61	34	82	120	119	143	167	145	98.71	58	139	2.09	1.064	4.176	2.97122144109111e-05	0.00164529858894329	0.0812	0.1906	0.0962	0.0962	TRUE	0.2552
LOC126281638	59	22	62	37	39	12	6	10	6	3	53	17	71	30	41	10	6	12	7	3	25.12	42	8	0.228	-2.134	-4.781	1.74712938252339e-06	0.00020442933018465	0.1868	0.5435	0.2345	0.2345	TRUE	0.0858
LOC126281861	26	5	13	33	9	56	52	57	55	150	23	4	15	26	10	48	50	67	67	174	48.51	16	81	3.886	1.958	4.291	1.78107916950458e-05	0.0011634078303327	0.335	0.3153	0.3317	0.3317	TRUE	2.4673
LOC126281914	1383	29	70	359	354	366	865	1968	8536	6595	1243	23	80	287	376	314	838	2313	10417	7669	2356.03	402	4310	2.399	1.262	3.143	0.0016695533029648	0.0272970950725327	1.423	0.0753	1.0706	1.423	TRUE	0.1751
LOC126282005	26	66	28	12	18	195	80	213	144	102	23	52	32	10	19	167	77	250	176	119	92.54	27	158	4.943	2.305	5.532	3.16468408191254e-08	7.88592389003983e-06	0.2384	0.1987	0.2314	0.2314	TRUE	0.2328
LOC126282006	0	0	0	0	2	10	1	15	3	5	0	0	0	0	2	9	1	18	4	6	3.88	0	8	2.2	1.138	3.026	0.00247561154923559	0.0357039967915478	0.8376	3.1363	1.3146	1.3146	TRUE	0.8058
LOC126282019	12	6	340	279	1	2	2	0	3	0	11	5	390	223	1	2	2	0	4	0	63.74	126	2	0.028	-5.146	-4.657	3.21147235521377e-06	0.000329874595509591	2.5682	0.2567	1.9172	1.9172	TRUE	0.1396
LOC126282076	30	20	5	9	25	134	73	212	91	94	27	16	6	7	27	115	71	249	111	109	73.73	17	131	6.903	2.787	6.003	1.9418553828428e-09	6.53240150788318e-07	0.2743	0.2314	0.2664	0.2664	TRUE	0.672
LOC126282079	85	155	155	61	87	33	43	38	24	40	76	122	178	49	92	28	42	45	29	47	70.77	103	38	0.454	-1.139	-3.885	0.000102340254628425	0.00411071780979131	0.1325	0.2382	0.1465	0.1465	TRUE	0.1957
LOC126282083	7	0	1	8	0	19	6	37	23	56	6	0	1	6	0	16	6	43	28	65	17.26	3	32	4.06	2.021	3.56	0.000371104213397699	0.0099857607155482	1.0434	0.7589	0.9738	0.9738	TRUE	0.1247
LOC126282091	9	21	5	29	1	19	20	64	70	72	8	16	6	23	1	16	19	75	85	84	33.46	11	56	2.21	1.144	3.233	0.00122359826783884	0.022127718394074	0.61	0.4255	0.5767	0.5767	TRUE	0.119
LOC126282178	54	62	40	41	51	200	84	119	74	84	49	49	46	33	54	171	81	140	90	98	81.07	46	116	2.335	1.224	4.827	1.38752525027026e-06	0.000172875368218858	0.0603	0.2168	0.078	0.078	TRUE	0.1891
LOC126282243	318	442	276	279	338	517	1161	710	1104	955	286	347	317	223	359	443	1125	835	1347	1110	639.19	306	972	2.933	1.552	5.816	6.01988739228655e-09	1.80008010556906e-06	0.0978	0.0888	0.0964	0.0964	TRUE	0.2033
LOC126282251	12	5	3	13	0	45	13	46	17	16	11	4	3	10	0	39	13	54	21	19	17.31	6	29	2.21	1.144	3.239	0.00120100326629933	0.0219707177833321	0.4595	0.7568	0.5163	0.5163	TRUE	0.1592
LOC126282256	50	35	48	95	36	107	121	123	138	114	45	27	55	76	38	92	117	145	168	133	89.62	48	131	2.451	1.293	4.725	2.30389451220428e-06	0.00025204231346521	0.0791	0.2028	0.0968	0.0968	TRUE	0.3773
LOC126282264	2674	1320	1319	2716	2314	10437	3008	5273	6592	3596	2404	1037	1515	2171	2457	8942	2914	6199	8045	4181	3986.41	1917	6056	2.804	1.488	4.812	1.49489788122184e-06	0.000181219332339829	0.1584	0.0732	0.1426	0.1426	TRUE	0.0705
LOC126282322	0	0	0	0	0	64	5	13	80	85	0	0	0	0	0	55	5	15	98	99	27.14	0	54	132.473	7.05	6.381	1.76265361622166e-10	8.53856565783797e-08	1.3149	0.5081	1.0284	1.0284	TRUE	0.0296
LOC126282443	7	4	9	15	5	0	0	0	0	0	6	3	10	12	5	0	0	0	0	0	3.71	7	0	0.061	-4.034	-4.223	2.41355133244068e-05	0.00141819854713195	0.1827	3.2769	0.784	0.784	TRUE	0.0509
LOC126283678	125	345	142	72	101	53	54	19	26	24	112	271	163	58	107	45	52	22	32	28	89.08	142	36	0.305	-1.714	-4.576	4.74232379397114e-06	0.000434100061031807	0.2069	0.2036	0.2065	0.2065	TRUE	0.2534
LOC126283772	16	169	6	357	233	8	3	2	3	3	14	133	7	285	247	7	3	2	4	3	70.6	137	4	0.039	-4.691	-5.746	9.11940608766473e-09	2.55647350657535e-06	0.9691	0.2386	0.8208	0.8208	TRUE	0.0343
LOC126284043	209	647	192	159	167	99	117	81	48	59	188	508	221	127	177	85	113	95	59	69	164.14	244	84	0.424	-1.239	-3.973	7.08325910093593e-05	0.00324191613816986	0.177	0.1426	0.1714	0.1714	TRUE	1.4526
LOC126284089	2905	11620	5860	2090	5063	387	2798	297	469	328	2611	9125	6730	1671	5375	332	2710	349	572	381	2985.71	5102	869	0.261	-1.94	-3.97	7.18703378466201e-05	0.00326718670967608	0.6325	0.0742	0.4962	0.4962	TRUE	0.5291
LOC126284235	386	682	244	474	456	1100	1304	2131	1121	1197	347	536	280	379	484	942	1263	2505	1368	1392	949.65	405	1494	3.415	1.772	6.612	3.78391822535581e-11	2.43497812254747e-08	0.0981	0.0827	0.0958	0.0958	TRUE	0.6225
LOC126284237	3	4	3	2	6	16	9	15	7	12	3	3	3	2	6	14	9	18	9	14	7.98	3	13	2.133	1.093	3.337	0.000847994178047992	0.0175818330659689	0	1.5596	0.2061	0.2061	TRUE	0.2401
LOC126284250	1703	140	835	4147	1344	7165	2663	7415	4110	9149	1531	110	959	3315	1427	6139	2580	8717	5016	10639	4043.13	1468	6618	2.464	1.301	3.444	0.000572577891473812	0.0134719460273623	0.6077	0.0732	0.4773	0.4773	TRUE	0.2823
LOC126284251	18	4	7	54	5	115	18	33	70	120	16	3	8	43	5	99	17	39	85	140	45.56	15	76	2.022	1.016	3.121	0.00180098159386846	0.0286792997953776	0.6875	0.3311	0.623	0.623	TRUE	0.3448
LOC126284330	1	0	0	0	0	0	0	126	41	1	1	0	0	0	0	0	0	148	50	1	20.02	0	40	3.581	1.84	3.39	0.000697777666500291	0.015438388049008	8.0161	0.6639	4.539	4.539	TRUE	0.4502
LOC126284428	3065	1906	2832	2375	2171	723	1602	411	509	981	2755	1497	3252	1899	2305	619	1552	483	621	1141	1612.41	2342	883	0.449	-1.154	-4.021	5.78802029382341e-05	0.00278155718120314	0.1727	0.0776	0.1461	0.1461	TRUE	0.3591
LOC126284484	40	73	19	30	32	101	123	279	49	130	36	57	22	24	34	87	119	328	60	151	91.77	35	149	3.402	1.766	4.366	1.26735332437134e-05	0.000897552964881089	0.2729	0.1997	0.2609	0.2609	TRUE	0.5525
LOC126284524	685	38	45	1033	44	3435	1334	1859	1492	725	616	30	52	826	47	2943	1292	2185	1821	843	1065.43	314	1817	2.129	1.09	3.144	0.0016647987017063	0.027269737033002	1.0125	0.0814	0.7774	0.7774	TRUE	0.6055
LOC126284552	587	360	673	702	881	1551	1158	1797	1480	1252	528	283	773	561	935	1329	1122	2112	1806	1456	1090.49	616	1565	2.249	1.17	4.326	1.52026920096221e-05	0.0010279770034245	0.1221	0.0811	0.1152	0.1152	TRUE	0.3092
LOC126284558	2020	699	1063	4275	1350	6396	3259	2730	3576	7048	1816	549	1221	3417	1433	5480	3157	3209	4364	8196	3284.21	1687	4881	2.029	1.021	3.483	0.000496406573811779	0.0124388209631495	0.2921	0.0738	0.2322	0.2322	TRUE	0.7134
LOC126284570	361	764	174	241	408	94	225	76	54	51	325	600	200	193	433	81	218	89	66	59	226.31	350	103	0.378	-1.405	-3.976	7.01289116428872e-05	0.00322066428350406	0.2558	0.1227	0.2311	0.2311	TRUE	0.3741
LOC126284596	1	0	0	0	0	48	1	234	1	0	1	0	0	0	0	41	1	275	1	0	31.93	0	64	20.935	4.388	4.065	4.80943988559899e-05	0.00245256218726599	5.7478	0.4425	3.6047	3.6047	TRUE	2.6193
LOC126284598	0	1	0	0	0	21	2	161	0	0	0	1	0	0	0	18	2	189	0	0	21	0	42	4.058	2.021	3.448	0.000564055115625331	0.0133354979257712	7.909	0.6363	4.4585	4.4585	TRUE	6.7904
LOC126284606	23	852	74	21	170	20	19	1	0	1	21	669	85	17	180	17	18	1	0	1	100.99	194	7	0.084	-3.573	-4.126	3.6923205258463e-05	0.00197943685242182	1.9434	0.1879	1.4627	1.4627	TRUE	0.8107
LOC126284648	159	2720	506	118	278	112	88	106	92	110	143	2136	581	94	295	96	85	125	112	128	379.55	650	109	0.294	-1.764	-3.726	0.000194835160111855	0.00631735401075934	0.7064	0.1015	0.5676	0.5676	TRUE	1.2101
LOC126284741	80	3	35	33	4	0	0	7	1	0	72	2	40	26	4	0	0	8	1	0	15.45	29	2	0.465	-1.106	-3.016	0.00256316831566839	0.0364973469371787	2.1253	0.8394	1.7807	1.7807	TRUE	0.5271
LOC126284799	30	129	51	35	36	1378	68	645	21	18	27	101	59	28	38	1181	66	758	26	21	230.44	51	410	2.494	1.318	3.23	0.0012386632534182	0.0222788476430397	1.3216	0.1218	1.0389	1.0389	TRUE	0.1309
LOC126284858	112	45	58	168	79	298	99	290	300	235	101	35	67	134	84	255	96	341	366	273	175.23	84	266	2.512	1.329	3.977	6.99047519218815e-05	0.00322066428350406	0.2151	0.138	0.2018	0.2018	TRUE	0.3337
LOC126284861	88	53	130	90	55	163	189	210	234	246	79	42	149	72	58	140	183	247	286	286	154.16	80	228	2.439	1.286	4.22	2.44435267783618e-05	0.00143005259273755	0.1465	0.1473	0.1466	0.1466	TRUE	0.5652
LOC126284952	243	317	195	407	174	454	372	1141	446	522	218	249	224	325	185	389	360	1341	544	607	444.33	240	648	2.214	1.146	3.931	8.45112861079122e-05	0.00363102530324036	0.1689	0.097	0.1563	0.1563	TRUE	1.1956
LOC126284998	8	16	6	12	9	25	27	16	29	55	7	13	7	10	10	21	26	19	35	64	21.15	9	33	2.733	1.45	3.969	7.2319772442885e-05	0.0032707288761808	0.1357	0.6322	0.1912	0.1912	TRUE	0.5782
LOC126285032	642	1982	580	314	733	159	467	172	123	117	577	1556	666	251	778	136	452	202	150	136	490.58	766	215	0.392	-1.351	-3.765	0.000166649994005786	0.00572051612077004	0.3293	0.0944	0.2805	0.2805	TRUE	0.3676
LOC126285109	1040	1221	1193	325	925	124	526	236	73	18	935	959	1370	260	982	106	510	277	89	21	550.89	901	201	0.466	-1.1	-3.24	0.00119565220569427	0.0219707177833321	0.6719	0.0918	0.5339	0.5339	TRUE	1.0547
LOC126285146	356	110	66	639	262	4022	65	2491	602	287	320	86	76	511	278	3446	63	2928	735	334	877.68	254	1501	2.046	1.033	3.091	0.00199683151330845	0.0307677301189686	1.0705	0.0838	0.8229	0.8229	TRUE	0.0632
LOC126285161	65	124	32	85	80	204	193	422	225	166	58	97	37	68	85	175	187	496	275	193	167.09	69	265	3.366	1.751	5.228	1.71530630299375e-07	3.44494949449014e-05	0.1587	0.1414	0.1559	0.1559	TRUE	0.8947
LOC126285167	38	22	1	181	197	5	1	4	4	3	34	17	1	145	209	4	1	5	5	3	42.47	81	4	0.072	-3.8	-4.519	6.21700097972806e-06	0.000529468134071017	1.1944	0.3501	1.0266	1.0266	TRUE	0.0884
LOC126285197	1	7	2	1	1	22	27	26	5	3	1	5	2	1	1	19	26	31	6	3	9.57	2	17	3.204	1.68	3.477	0.000506244211289882	0.0125526148230532	0.5297	1.3121	0.6415	0.6415	TRUE	0.1466
LOC126285198	5	25	2	3	7	1	1	0	0	0	4	20	2	2	7	1	1	0	0	0	3.81	7	0	0.417	-1.261	-3.099	0.00194073642123677	0.0301902303863144	0.6444	3.1918	1.0058	1.0058	TRUE	0.7037
LOC126285295	0	0	0	0	1	73	0	249	5	2	0	0	0	0	1	63	0	293	6	2	36.47	0	73	47.468	5.569	4.467	7.93970387470316e-06	0.000643594309265095	4.8144	0.3961	2.9989	2.9989	TRUE	1.225
LOC126287492	52	98	0	42	3	1	1	0	0	1	47	77	0	34	3	1	1	0	0	1	16.34	32	1	0.068	-3.872	-4.011	6.04412558089239e-05	0.00288403382327972	1.8049	0.7975	1.5499	1.5499	TRUE	0.0761
LOC126291728	0	0	0	0	0	1	17	4	4	13	0	0	0	0	0	1	16	5	5	15	4.2	0	8	10.324	3.368	3.823	0.000131975611011433	0.00489218683683153	1.0776	2.8987	1.5325	1.5325	TRUE	0.0375
LOC126291743	54	47	31	120	44	159	96	460	125	78	49	37	36	96	47	136	93	541	153	91	127.69	53	203	2.477	1.308	3.591	0.000329479630730875	0.00917904329423323	0.3783	0.1633	0.3386	0.3386	TRUE	3.6926
LOC126291753	89	17	105	142	67	213	108	659	316	181	80	13	121	114	71	182	105	775	386	210	205.65	80	332	2.3	1.202	3.387	0.00070560409112217	0.015438388049008	0.518	0.128	0.4355	0.4355	TRUE	0.4162
LOC126291787	7	6	14	10	6	68	28	42	21	33	6	5	16	8	6	58	27	49	26	38	24.02	8	40	4.14	2.05	5.123	3.0115767795975e-07	5.06699370716092e-05	0.1083	0.5651	0.1704	0.1704	TRUE	0.2444
LOC126291788	27	5	63	35	25	529	396	327	257	658	24	4	72	28	27	453	384	384	314	765	245.51	31	460	13.415	3.746	7.238	4.55641309012619e-13	5.10925787839484e-10	0.3982	0.1186	0.3326	0.3326	TRUE	1.8392
LOC126291821	1	2	0	2	2	7	12	7	2	16	1	2	0	2	2	6	12	8	2	19	5.31	1	9	2.597	1.377	3.294	0.000989296794813411	0.0192927212623323	0	2.3093	0.5002	0.5002	TRUE	0.1318
LOC126291853	296	6762	566	53	244	6	195	13	27	18	266	5310	650	42	259	5	189	15	33	21	679.08	1305	53	0.138	-2.859	-3.742	0.000182790764517669	0.0060354214194183	1.8299	0.0877	1.3794	1.8299	TRUE	5.3155
LOC126291869	2	7	5	5	4	8	38	13	18	8	2	5	6	4	4	7	37	15	22	9	11.15	4	18	2.179	1.123	3.289	0.00100553259470442	0.0193305348127561	0.2451	1.1363	0.3455	0.3455	TRUE	0.234
LOC126291901	10	60	4	4	6	3	0	0	1	2	9	47	5	3	6	3	0	0	1	2	7.64	14	1	0.445	-1.168	-3.078	0.00208067477358677	0.0315287835060626	0.9959	1.6264	1.0973	1.0973	TRUE	5.591
LOC126291970	50	0	26	56	26	232	48	232	187	378	45	0	30	45	28	199	46	273	228	440	133.29	30	237	4.373	2.129	3.826	0.000130181861123305	0.00486590867576443	0.9491	0.1594	0.7255	0.7255	TRUE	0.1185
LOC126292011	114	142	12	95	93	4	6	11	1	1	102	112	14	76	99	3	6	13	1	1	42.7	81	5	0.074	-3.754	-5.729	1.00928289790036e-08	2.77161442329535e-06	0.5194	0.3486	0.482	0.482	TRUE	0.8589
LOC126292016	0	3	1	0	0	7	11	37	44	9	0	2	1	0	0	6	11	43	54	10	12.78	1	25	18.754	4.229	4.49	7.12518891260918e-06	0.000591830506222649	0.8547	1.0002	0.8882	0.8882	TRUE	0.2215
LOC126292017	0	3	0	3	4	19	49	88	59	24	0	2	0	2	4	16	47	103	72	28	27.61	2	53	23.115	4.531	6.154	7.53739716223656e-10	3.07343079439561e-07	0.485	0.5007	0.4881	0.4881	TRUE	0.1131
LOC126292040	99	237	124	82	117	21	45	39	38	24	89	186	142	66	124	18	44	46	46	28	78.9	121	36	0.343	-1.542	-4.673	2.97349500758216e-06	0.000310165494744384	0.1371	0.2209	0.1491	0.1491	TRUE	0.1076
LOC126292067	29	499	96	15	198	0	2	0	4	4	26	392	110	12	210	0	2	0	5	5	76.18	150	2	0.023	-5.413	-5.88	4.0937871538724e-09	1.25195454414789e-06	1.3848	0.2262	1.036	1.036	TRUE	0.1377
LOC126292193	1159	1570	755	1296	1743	3086	3003	2314	2474	3332	1042	1233	867	1036	1851	2644	2909	2720	3019	3875	2119.54	1206	3033	2.405	1.266	6.056	1.39362586175953e-09	4.93490252522007e-07	0.0547	0.0758	0.0575	0.0575	TRUE	1.091
LOC126292207	420	66	368	536	222	1144	1081	870	996	1321	378	52	423	428	236	980	1047	1023	1216	1536	731.78	303	1160	3.109	1.637	4.349	1.36835831051943e-05	0.000939419868691299	0.2755	0.0865	0.2361	0.2361	TRUE	2.5294
LOC126293173	0	3	6	2	6	103	94	87	68	3	0	2	7	2	6	88	91	102	83	3	38.53	3	73	16.232	4.021	5.159	2.48510431111589e-07	4.64438383477436e-05	0.867	0.3787	0.7505	0.7505	TRUE	1.4807
LOC126293406	34	38	17	74	27	162	76	265	101	240	31	30	20	59	29	139	74	312	123	279	109.4	34	185	4.68	2.226	5.437	5.4206874446411e-08	1.27966263605422e-05	0.2352	0.1789	0.2286	0.2286	TRUE	0.0714
LOC126293509	345	2369	607	133	317	78	341	31	128	46	310	1860	697	106	337	67	330	36	156	53	395.37	662	128	0.464	-1.107	-3.194	0.00140369686392041	0.0243090669252419	0.823	0.1003	0.6526	0.6526	TRUE	0.6537
LOC126293510	531	539	210	473	342	838	600	1177	605	1328	477	423	241	378	363	718	581	1384	738	1544	684.83	376	993	2.348	1.232	4.45	8.58248014914401e-06	0.000679328546393422	0.122	0.0876	0.1167	0.1167	TRUE	0.0967
LOC126293543	6	5	4	3	2	32	14	25	33	46	5	4	5	2	2	27	14	29	40	53	18.26	4	33	7.552	2.917	5.748	9.00816775116409e-09	2.55647350657535e-06	0	0.7213	0.2186	0.2186	TRUE	0.0779
LOC126293613	104	46	34	23	53	17	4	21	3	5	93	36	39	18	56	15	4	25	4	6	29.59	48	11	0.395	-1.34	-3.47	0.000521037535200621	0.0127012338290934	0.4167	0.4719	0.4257	0.4257	TRUE	0.4002
LOC126293648	132	391	303	183	265	679	549	748	391	403	119	307	348	146	281	582	532	879	477	469	414	240	588	2.044	1.032	3.907	9.33150838783854e-05	0.00386353159590017	0.1344	0.0989	0.1284	0.1284	TRUE	0.4502
LOC126293655	332	31	68	199	157	19	36	18	14	63	298	24	78	159	167	16	35	21	17	73	88.93	145	32	0.414	-1.273	-3.419	0.000628991649373449	0.0144431939146231	0.5197	0.2039	0.4603	0.4603	TRUE	0.1865
LOC126293693	63	42	106	47	97	254	176	193	230	235	57	33	122	38	103	218	170	227	281	273	152.09	71	234	2.883	1.528	4.6	4.23396284234235e-06	0.00040121270427154	0.1675	0.1484	0.1629	0.1629	TRUE	0.8389
LOC126294953	71	155	35	51	70	260	151	287	193	60	64	122	40	41	74	223	146	337	236	70	135.25	68	202	2.07	1.05	3.499	0.000466893286635778	0.0119666972666115	0.2467	0.1581	0.2314	0.2314	TRUE	0.132
LOC126294969	7	1	7	5	4	55	34	15	29	22	6	1	8	4	4	47	33	18	35	26	18.2	5	32	5.812	2.539	5.298	1.16781560761875e-07	2.56398711829887e-05	0.117	0.7232	0.2189	0.2189	TRUE	0.2147
LOC126294990	1134	2841	1296	923	375	349	389	333	257	344	1019	2231	1488	738	398	299	377	391	314	400	765.56	1175	356	0.357	-1.485	-4.415	1.0090974174123e-05	0.000757556734077686	0.203	0.0857	0.1808	0.1808	TRUE	0.1591
LOC126294994	648	533	7898	2851	11051	1025	584	789	1051	826	582	419	9070	2279	11733	878	566	927	1283	960	2869.77	4817	923	0.448	-1.158	-3.234	0.0012194760464254	0.0220851543481833	0.8458	0.0744	0.6518	0.6518	TRUE	0.0854
LOC126295049	3	0	0	3	1	10	17	3	13	6	3	0	0	2	1	9	16	4	16	7	5.76	1	10	2.746	1.457	3.32	0.000899280166039329	0.0180877636983934	0.2509	2.1353	0.5786	0.5786	TRUE	0.1037
LOC126295127	103	270	107	123	146	63	51	51	39	25	93	212	123	98	155	54	49	60	48	29	92.08	136	48	0.388	-1.365	-4.893	9.91190373009365e-07	0.000129355958434034	0.0841	0.1993	0.0987	0.0987	TRUE	0.2568
LOC126295163	32	3637	269	101	952	50	62	55	49	146	29	2856	309	81	1011	43	60	65	60	170	468.23	857	80	0.187	-2.421	-3.846	0.000120006554998897	0.00462533979989225	1.2286	0.0956	0.9493	0.9493	TRUE	0.4724
LOC126295229	87	127	62	83	89	158	251	134	144	217	78	100	71	66	94	135	243	158	176	252	137.41	82	193	2.219	1.15	5.187	2.14141677530721e-07	4.17607306210636e-05	0.047	0.1567	0.0593	0.0593	TRUE	0.0645
LOC126295285	4392	30652	1764	6136	7309	2941	1708	420	1863	2753	3948	24070	2026	4905	7760	2520	1655	494	2274	3201	5285.21	8542	2029	0.449	-1.154	-3.328	0.000874396065652368	0.0178001111337644	0.5926	0.0725	0.4662	0.4662	TRUE	1.1754
LOC126295317	16	25	6	25	12	83	57	72	46	19	14	20	7	20	13	71	55	85	56	22	36.28	15	58	3.233	1.693	4.554	5.26803266523743e-06	0.000472577650289566	0.1463	0.3978	0.1813	0.1813	TRUE	0.1822
LOC126295383	98	255	59	86	96	14	52	29	28	29	88	200	68	69	102	12	50	34	34	34	69.11	105	33	0.405	-1.304	-3.863	0.000111888497116787	0.00441516603285479	0.2018	0.2422	0.2079	0.2079	TRUE	1.1674
LOC126295447	13	12	9	18	10	47	27	16	21	26	12	9	10	14	11	40	26	19	26	30	19.75	11	28	2.017	1.012	3.764	0.000167521664206251	0.00573580537801351	0	0.6719	0.0894	0.0894	TRUE	0.2635
LOC126295495	3	7	2	3	0	3	42	8	15	33	3	5	2	2	0	3	41	9	18	38	12.22	2	22	3.235	1.694	3.471	0.000519227605729941	0.0127012338290934	0.667	1.0427	0.7273	0.7273	TRUE	0.0583
LOC126297459	66	52	42	67	37	259	309	192	193	266	59	41	48	54	39	222	299	226	236	309	153.3	48	258	5.199	2.378	12.502	7.31594777271514e-36	3.2814464409885e-32	0.0195	0.1477	0.0332	0.0332	TRUE	0.0722
LOC126297521	24	17	14	33	19	117	68	64	51	13	22	13	16	26	20	100	66	75	62	15	41.63	19	64	2.365	1.242	3.698	0.000217683149935935	0.00682784257701152	0.203	0.3558	0.2244	0.2244	TRUE	0.2245
LOC126297678	458	952	442	351	498	196	237	202	130	89	412	748	508	281	529	168	230	237	159	103	337.33	496	179	0.4	-1.323	-4.778	1.77189059081802e-06	0.00020553930853489	0.1095	0.1054	0.1089	0.1089	TRUE	0.1566
LOC126298478	17372	19588	18917	16847	15045	5439	12413	6374	5446	3403	15616	15382	21725	13467	15973	4660	12024	7493	6646	3957	11694.38	16433	6956	0.48	-1.06	-4.211	2.5443337372575e-05	0.0014578174569147	0.122	0.0712	0.1041	0.1041	TRUE	1.9407
LOC126298611	13	21	10	15	15	32	63	38	20	26	12	16	11	12	16	27	61	45	24	30	25.53	13	37	2.262	1.178	3.927	8.6162268262775e-05	0.00366639424328205	0.072	0.5357	0.1208	0.1208	TRUE	0.2768
LOC126298650	130	501	91	212	113	947	146	1847	504	798	117	393	105	169	120	811	141	2171	615	928	557.13	181	933	3.527	1.818	3.985	6.75707049655099e-05	0.00313902539266497	0.5164	0.0915	0.4205	0.4205	TRUE	0.2971
LOC126298975	20	41	9	15	12	34	76	44	73	45	18	32	10	12	13	29	74	52	89	52	38.11	17	59	2.728	1.448	4.083	4.45325409072575e-05	0.00230473027095407	0.1618	0.3821	0.1916	0.1916	TRUE	0.2436
LOC126299011	1184	1105	688	1093	847	2815	2177	1942	2017	2059	1064	868	790	874	899	2412	2109	2283	2462	2394	1615.46	899	2332	2.568	1.361	13.735	6.27375676241178e-43	8.4419670995013e-39	0.0072	0.0776	0.0113	0.0113	TRUE	0.1288
LOC126299067	508	1439	556	417	603	104	350	42	196	62	457	1130	639	333	640	89	339	49	239	72	398.75	640	158	0.356	-1.489	-3.803	0.000142965287398852	0.00515748232503739	0.3989	0.1	0.3345	0.3345	TRUE	0.6655
LOC126299078	16765	10603	12341	13450	11654	5205	8282	3847	4515	2897	15070	8326	14173	10752	12373	4460	8023	4522	5510	3369	8657.73	12139	5177	0.458	-1.126	-4.827	1.38394532876358e-06	0.000172875368218858	0.0826	0.0716	0.0778	0.0778	TRUE	0.4455
LOC126299094	358	2119	474	98	586	53	347	78	35	77	322	1664	544	78	622	45	336	92	43	90	383.62	646	121	0.414	-1.274	-3.328	0.000873542318685683	0.0178001111337644	0.7879	0.1012	0.6272	0.6272	TRUE	0.5269
LOC126299206	29	60	23	30	7	313	99	136	100	148	26	47	26	24	7	268	96	160	122	172	94.91	26	164	5.433	2.442	6.045	1.49331641347944e-09	5.15232452814854e-07	0.2098	0.1955	0.2071	0.2071	TRUE	0.3141
LOC126299222	251	208	128	292	136	837	271	182	509	472	226	163	147	233	144	717	263	214	621	549	327.74	183	473	2.113	1.079	3.862	0.000112273144610152	0.0044163158002638	0.1558	0.1065	0.1475	0.1475	TRUE	0.0652
LOC126300076	68	493	30	104	52	30	8	27	27	7	61	387	34	83	55	26	8	32	33	8	72.73	124	21	0.324	-1.626	-3.597	0.000321669848070191	0.00901747807423436	0.6544	0.2336	0.5749	0.5749	TRUE	4.3663
LOC126305058	6	8	8	14	10	113	11	233	12	412	5	6	9	11	11	97	11	274	15	479	91.78	8	175	15.114	3.918	5.074	3.9007614786982e-07	6.32393330811601e-05	0.9919	0.1997	0.8288	0.8288	TRUE	0.1337
LOC126312744	169	146	124	226	109	84	84	53	44	34	152	115	142	181	116	72	81	62	54	40	101.42	141	62	0.469	-1.092	-4.907	9.25153864114687e-07	0.000123256142529973	0.0406	0.1874	0.0581	0.0581	TRUE	0.2551
LOC126312749	138	167	92	216	103	67	78	51	23	30	124	131	106	173	109	57	76	60	28	35	89.87	129	51	0.444	-1.171	-4.465	7.99940168086401e-06	0.000644550592920395	0.0734	0.2025	0.0915	0.0915	TRUE	0.4833
LOC126315733	11	0	10	6	0	14	6	312	36	64	10	0	11	5	0	12	6	367	44	74	52.91	5	101	5.078	2.344	3.573	0.000352487779042018	0.00961342561169512	2.1348	0.2949	1.6211	1.6211	TRUE	1.4834
LOC126320451	790	653	388	1086	355	213	141	277	138	231	710	513	446	868	377	182	137	326	168	269	399.53	583	216	0.413	-1.276	-4.585	4.53977644943788e-06	0.000421291254507835	0.1217	0.1	0.1138	0.1138	TRUE	0.149
LOC126323429	111	68	86	253	74	393	136	296	314	402	100	53	99	202	79	337	132	348	383	467	219.98	107	333	2.519	1.333	4.026	5.6773714055654e-05	0.00273816163560172	0.203	0.1242	0.1943	0.1943	TRUE	0.7185
LOC126323702	17	23	32	40	40	81	147	86	52	97	15	18	37	32	42	69	142	101	63	113	63.37	29	98	2.983	1.577	4.813	1.48613476532149e-06	0.000181219332339829	0.1212	0.2578	0.1405	0.1405	TRUE	0.1125
LOC126324148	27	70	11	22	3	88	102	99	55	59	24	55	13	18	3	75	99	116	67	69	53.9	23	85	2.231	1.158	3.41	0.000650742837644103	0.0147166312997295	0.3625	0.2908	0.349	0.349	TRUE	2.051
LOC126324320	72	114	37	40	20	11	9	2	19	19	65	90	42	32	21	9	9	2	23	22	31.57	50	13	0.485	-1.043	-3.258	0.0011218831004745	0.0209623920987627	0.36	0.4467	0.3745	0.3745	TRUE	0.1369
LOC126325127	112	888	228	125	182	100	77	94	26	38	101	697	262	100	193	86	75	110	32	44	169.97	271	69	0.424	-1.237	-3.478	0.000505889742597467	0.0125526148230532	0.431	0.1401	0.3735	0.3735	TRUE	0.8991
LOC126325841	29	89	13	30	34	7	7	3	3	0	26	70	15	24	36	6	7	4	4	0	19.09	34	4	0.158	-2.665	-4.677	2.91599815448539e-06	0.000306544305990276	0.304	0.6928	0.3729	0.3729	TRUE	0.4028
LOC126325851	20	18	8	33	42	56	87	60	85	68	18	14	9	26	45	48	84	71	104	79	49.79	22	77	2.816	1.493	4.242	2.21509081851627e-05	0.00134869964045045	0.1605	0.309	0.1837	0.1837	TRUE	0.678
LOC126326024	347	562	228	354	323	181	155	142	119	135	312	441	262	283	343	155	150	167	145	157	241.54	328	155	0.484	-1.048	-6.36	2.01399610155502e-10	9.03344384750814e-08	0.0214	0.1194	0.0301	0.0301	TRUE	0.4198
LOC126328190	83	7	2	91	7	423	114	264	539	329	75	5	2	73	7	362	110	310	658	383	198.61	32	365	7.217	2.851	4.269	1.96082534766367e-05	0.0012564221846744	0.9964	0.1301	0.7837	0.7837	TRUE	0.2651
LOC126331082	55	160	101	55	54	22	41	26	23	11	49	126	116	44	57	19	40	31	28	13	52.24	78	26	0.453	-1.143	-3.645	0.000267799172017468	0.00788513273231302	0.187	0.2978	0.2027	0.2027	TRUE	0.0781
LOC126331298	5	10	6	6	14	60	82	46	60	13	4	8	7	5	15	51	79	54	73	15	31.22	8	54	5.902	2.561	5.34	9.28421944852352e-08	2.08214094832221e-05	0.2342	0.451	0.2666	0.2666	TRUE	0.2453
LOC126333223	6	12	3	9	7	28	57	28	11	12	5	9	3	7	7	24	55	33	13	14	17.24	6	28	2.877	1.524	3.805	0.000141875907037889	0.00515748232503739	0.201	0.7597	0.2678	0.2678	TRUE	0.264
LOC126334543	324	420	461	248	392	891	765	980	974	538	291	330	529	198	416	763	741	1152	1189	626	623.57	353	894	2.3	1.201	4.583	4.59079627345461e-06	0.000423107908600036	0.1027	0.0893	0.1011	0.1011	TRUE	0.1523
LOC126334545	179	165	290	125	132	639	479	653	756	456	161	130	333	100	140	547	464	768	923	530	409.56	173	646	3.357	1.747	5.543	2.97895196468892e-08	7.56316559185925e-06	0.1468	0.0992	0.1386	0.1386	TRUE	0.6668
LOC126334554	912	872	621	818	712	320	480	270	236	211	820	685	713	654	756	274	465	317	288	245	521.75	726	318	0.453	-1.144	-6.391	1.64704326459709e-10	8.52408237246861e-08	0.0325	0.093	0.0392	0.0392	TRUE	0.7811
LOC126334680	117	297	152	79	110	21	90	12	19	35	105	233	175	63	117	18	87	14	23	41	87.61	139	37	0.414	-1.272	-3.556	0.000377069108706969	0.0100472117361603	0.3584	0.2059	0.3309	0.3309	TRUE	0.4951
LOC126334696	895	2484	1120	558	2749	389	403	60	347	618	805	1951	1286	446	2919	333	390	71	423	719	934.23	1481	387	0.45	-1.151	-3.386	0.000708176853516491	0.0154695255534382	0.4827	0.0829	0.3906	0.3906	TRUE	0.1409
LOC126334704	555	1387	551	251	1298	148	237	32	192	234	499	1089	633	201	1378	127	230	38	234	272	470	760	180	0.359	-1.479	-3.73	0.000191629886525257	0.00624351514063887	0.4467	0.0955	0.3689	0.3689	TRUE	0.0782
LOC126334708	53	224	51	63	86	23	19	42	9	4	48	176	59	50	91	20	18	49	11	5	52.69	85	21	0.431	-1.213	-3.408	0.000654847459955453	0.0147351629116398	0.4217	0.2958	0.3993	0.3993	TRUE	0.9526
LOC126334755	10	2	0	3	2	16	23	11	17	6	9	2	0	2	2	14	22	13	21	7	9.17	3	15	2.011	1.008	3.112	0.00185763358189485	0.0292667735105368	0.2923	1.3661	0.4826	0.4826	TRUE	0.8092
LOC126334775	191	508	129	161	202	71	91	74	19	45	172	399	148	129	214	61	88	87	23	52	137.34	212	62	0.359	-1.478	-4.216	2.48848256296225e-05	0.00144700126815656	0.2126	0.1568	0.2004	0.2004	TRUE	0.808
LOC126334794	6	18	18	6	8	0	1	0	3	1	5	14	21	5	8	0	1	0	4	1	5.93	11	1	0.336	-1.573	-3.346	0.000819377457139243	0.0172005352001024	0.3301	2.0753	0.6225	0.6225	TRUE	0.378
LOC126334805	563	105	1200	563	490	81	107	16	120	50	506	82	1378	450	520	69	104	19	146	58	333.34	587	79	0.181	-2.468	-4.55	5.3557933346987e-06	0.000477268576898714	0.5847	0.1059	0.4765	0.4765	TRUE	0.2982
LOC126334809	10	3	12	3	12	0	2	1	0	0	9	2	14	2	13	0	2	1	0	0	4.34	8	1	0.476	-1.07	-3.008	0.0026315943343064	0.0369631872259154	0.5015	2.8105	0.8742	0.8742	TRUE	0.1766
LOC126334847	0	2	1	1	3	195	5	1223	7	6	0	2	1	1	3	167	5	1438	9	7	163.18	1	325	73.372	6.197	5.037	4.73618669905722e-07	7.32530209454183e-05	2.6278	0.1431	1.9428	2.6278	TRUE	4.5683
LOC126334853	57	84	38	164	54	304	68	2081	216	355	51	66	44	131	57	260	66	2446	264	413	379.83	70	690	6.812	2.768	4.392	1.12078167451087e-05	0.000824111377716847	0.8463	0.1015	0.6714	0.6714	TRUE	3.2167
LOC126334876	5620	75258	945	24132	27928	478	3117	418	552	3618	5052	59099	1085	19291	29651	410	3019	491	674	4207	12297.81	22836	1760	0.142	-2.817	-4.032	5.5372645333536e-05	0.00268987117548036	1.0099	0.0712	0.8939	1.0099	TRUE	0.1631
LOC126334877	461	12993	38	17941	44459	45	175	74	72	144	414	10203	44	14342	47201	39	170	87	88	167	7275.46	14441	110	0.015	-6.053	-5.806	6.41593195273464e-09	1.87679957295646e-06	1.7591	0.0718	1.3098	1.7591	TRUE	0.4105
LOC126334878	1326	24564	79	64087	95687	52	281	71	177	258	1192	19290	91	51230	101589	45	272	83	216	300	17430.75	34678	183	0.011	-6.492	-6.134	8.5546120286583e-10	3.28888169878932e-07	1.8234	0.0709	1.3551	1.8234	TRUE	0.1558
LOC126334921	371	294	407	173	362	39	172	79	64	17	333	231	467	138	384	33	167	93	78	20	194.52	311	78	0.368	-1.441	-3.75	0.000176533994118067	0.005899108547168	0.3807	0.1313	0.3301	0.3301	TRUE	0.3485
LOC126334951	79	37	57	91	53	212	137	108	98	160	71	29	65	73	56	182	133	127	120	186	104.15	59	150	2.339	1.226	4.801	1.58181582760899e-06	0.000190043873002737	0.0677	0.1843	0.083	0.083	TRUE	0.3005
LOC126334972	0	2	1	0	0	38	39	13	1	3	0	2	1	0	0	33	38	15	1	3	9.3	1	18	9.243	3.208	3.824	0.000131250914113523	0.00488641028935211	1.1982	1.3477	1.2306	1.2306	TRUE	0.1026
LOC126335006	4	6	4	4	3	16	1	101	4	35	4	5	5	3	3	14	1	119	5	41	19.83	4	36	2.655	1.409	3.258	0.00112320784060701	0.0209623920987627	1.0988	0.6697	1.0316	1.0316	TRUE	0.5315
LOC126335044	380	237	484	455	367	797	1136	552	672	800	342	186	556	364	390	683	1100	649	820	930	601.95	368	836	2.032	1.023	4.257	2.07277164194967e-05	0.0012946564258551	0.0921	0.09	0.0917	0.0917	TRUE	0.4147
LOC126335072	6	13	21	0	6	1	0	0	0	0	5	10	24	0	6	1	0	0	0	0	4.69	9	0	0.385	-1.376	-3.14	0.00169219372391982	0.0276336878022634	1.7112	2.6022	1.9583	1.9583	TRUE	0.2316
LOC126335077	95	278	135	41	115	16	47	0	26	22	85	218	155	33	122	14	46	0	32	26	73.02	123	24	0.462	-1.114	-3.193	0.00140854685436591	0.0243304319285592	0.7962	0.233	0.6491	0.6491	TRUE	0.1268
LOC126335161	2	4	0	0	1	10	8	6	7	8	2	3	0	0	1	9	8	7	9	9	4.72	1	8	2.604	1.381	3.336	0.00085128248882921	0.017595786742989	0	2.5877	0.3617	0.3617	TRUE	0.6204
LOC126335202	17835	2188	12549	53368	10550	83793	28875	22512	83226	128294	16032	1718	14412	42661	11201	71794	27971	26463	101570	149183	46300.5	17205	75396	2.037	1.027	3.176	0.00149512887957527	0.0254020886408647	0.6312	0.0705	0.5412	0.5412	TRUE	0.2705
LOC126335221	5	17	21	4	7	0	2	1	2	0	4	13	24	3	7	0	2	1	2	0	5.81	10	1	0.414	-1.273	-3.166	0.00154374905835108	0.0259658591614651	0.4999	2.1145	0.7444	0.7444	TRUE	0.2214
LOC126335449	5	96	87	177	66	3789	44	4644	550	4663	4	75	100	141	70	3246	43	5459	671	5422	1523.3	78	2968	24.024	4.586	4.992	5.97844940572292e-07	8.74413208732691e-05	1.3198	0.078	0.9942	1.3198	TRUE	0.0338
LOC126335465	339	579	825	2206	979	4868	1774	3377	5306	1460	305	455	947	1763	1039	4171	1718	3970	6476	1698	2254.2	902	3607	2.967	1.569	3.99	6.60877443656946e-05	0.00310935904959716	0.3546	0.0755	0.301	0.301	TRUE	0.2027
LOC126335473	71	333	53	2	32	3	10	10	7	15	64	261	61	2	34	3	10	12	9	17	47.18	84	10	0.323	-1.63	-3.42	0.000626068437163045	0.0144006442572067	1.0574	0.3222	0.9172	0.9172	TRUE	0.8075
LOC126335513	439	622	498	382	373	76	215	138	48	65	395	488	572	305	396	65	208	162	59	76	272.61	431	114	0.303	-1.721	-5.038	4.69479178567218e-07	7.32530209454183e-05	0.1804	0.1138	0.1685	0.1685	TRUE	0.6426
LOC126335550	0	0	0	0	1	2	60	0	0	48	0	0	0	0	1	2	58	0	0	56	11.67	0	23	2.443	1.289	3.15	0.00163272802539498	0.0269240052815133	6.452	1.0887	4.0998	4.0998	TRUE	0.1159
LOC126335646	715	16230	50	34866	60985	37	131	49	89	123	643	12745	57	27871	64747	32	127	58	109	143	10653.09	21213	94	0.009	-6.755	-6.443	1.16931012103545e-10	6.29369479546122e-08	1.7657	0.0713	1.3139	1.7657	TRUE	0.2156
LOC126335653	85	114	60	132	131	1	11	18	2	0	76	90	69	106	139	1	11	21	2	0	51.45	96	7	0.096	-3.374	-4.914	8.92589040088504e-07	0.000121319981044757	0.7613	0.3012	0.6289	0.6289	TRUE	1.7548
LOC126335666	3	0	5	7	4	109	119	62	128	170	3	0	6	6	4	93	115	73	156	198	65.37	4	127	32.026	5.001	9.773	1.4680274551606e-22	4.93844435916025e-19	0.1809	0.252	0.2001	0.2001	TRUE	0.2137
LOC126335750	21	3	14	10	13	71	127	44	102	133	19	2	16	8	14	61	123	52	124	155	57.38	12	103	7.663	2.938	6.123	9.1614370786029e-10	3.42434159249113e-07	0.2687	0.2774	0.2704	0.2704	TRUE	0.1096
LOC126335770	5	0	9	13	11	47	4	335	29	58	4	0	10	10	12	40	4	394	35	67	57.77	7	108	5.692	2.509	3.734	0.00018862523655361	0.00617552599285981	1.5263	0.276	1.2284	1.2284	TRUE	2.4177
LOC126335863	0	0	0	0	0	24	6	12	7	1	0	0	0	0	0	21	6	14	9	1	5.02	0	10	20.861	4.383	4.239	2.24403201378166e-05	0.00135406703037874	0.8355	2.4387	1.26	1.26	TRUE	0.0709
LOC126335917	4	3	1	2	2	231	6	222	0	1	4	2	1	2	2	198	6	261	0	1	47.67	2	93	14.528	3.861	4.059	4.93600597926538e-05	0.00250518039192087	2.4228	0.3196	1.9232	1.9232	TRUE	0.0715
LOC126335941	9	24	23	3	5	0	0	0	1	0	8	19	26	2	5	0	0	0	1	0	6.23	12	0	0.062	-4.018	-4.161	3.16930747056366e-05	0.00174066127852672	0.7173	1.9789	0.9673	0.9673	TRUE	0.236
LOC126335943	279	58	644	291	217	46	111	20	57	24	251	46	740	233	230	39	108	24	70	28	176.69	300	54	0.276	-1.86	-3.922	8.78529097709849e-05	0.00369421485586991	0.5575	0.1375	0.4695	0.4695	TRUE	0.4558
LOC126335954	36	56	14	1	19	6	2	2	0	0	32	44	16	1	20	5	2	2	0	0	12.28	23	2	0.328	-1.607	-3.325	0.000884399958457312	0.0179034163952897	1.07	1.0381	1.0635	1.0635	TRUE	0.1672
LOC126336094	237	1185	244	90	282	42	172	46	39	26	213	931	280	72	299	36	167	54	48	30	212.97	359	67	0.308	-1.697	-3.751	0.000176005578242908	0.005899108547168	0.5918	0.126	0.4918	0.4918	TRUE	0.7131
LOC126336104	96	155	101	69	120	21	54	15	28	23	86	122	116	55	127	18	52	18	34	27	65.54	101	30	0.341	-1.553	-4.643	3.43536058387842e-06	0.000347565503884721	0.1335	0.2516	0.1507	0.1507	TRUE	0.5508
LOC126336127	0	0	2	1	0	14	2	20	19	1	0	0	2	1	0	12	2	24	23	1	6.49	1	12	3.236	1.694	3.288	0.00100847469073683	0.0193305348127561	1.169	1.902	1.3184	1.3184	TRUE	0.1645
LOC126336128	7	3	4	2	4	28	10	106	0	12	6	2	5	2	4	24	10	125	0	14	19.13	4	35	2.02	1.015	3.003	0.00267125421731967	0.0374811227823289	1.327	0.6915	1.2089	1.2089	TRUE	1.8274
LOC126336144	9	0	3	15	2	50	30	91	32	24	8	0	3	12	2	43	29	107	39	28	27.15	5	49	6.466	2.693	4.338	1.43661090748853e-05	0.000981270881785061	0.5897	0.5081	0.5711	0.5711	TRUE	1.5612
LOC126336168	547	886	466	203	1234	106	254	27	141	149	492	696	535	162	1310	91	246	32	172	173	390.9	639	143	0.333	-1.587	-3.82	0.000133680458957767	0.00492823083763209	0.459	0.1006	0.3802	0.3802	TRUE	0.2223
LOC126336183	38	40	53	46	46	204	275	522	207	270	34	31	61	37	49	175	266	614	253	314	183.34	42	324	7.15	2.838	8.121	4.63349822852227e-16	6.23483521629956e-13	0.1466	0.135	0.1448	0.1448	TRUE	0.5427
LOC126336219	5	3	8	9	14	240	188	159	146	12	4	2	9	7	15	206	182	187	178	14	80.49	7	153	17.354	4.117	6.56	5.36682665738752e-11	3.13982693486115e-08	0.5257	0.2179	0.4626	0.4626	TRUE	2.5544
LOC126336254	86	53	104	71	79	663	336	588	555	399	77	42	119	57	84	568	325	691	677	464	310.5	76	545	6.838	2.774	9.104	8.71032715570043e-20	1.67437374581579e-16	0.1113	0.1085	0.1108	0.1108	TRUE	0.2033
LOC126336270	5	9	0	27	11	51	64	40	64	72	4	7	0	22	12	44	62	47	78	84	35.94	9	63	5.182	2.374	4.522	6.11670203837481e-06	0.000527604760438279	0.3957	0.401	0.3972	0.3972	TRUE	0.6726
LOC126336312	182	395	92	148	137	59	69	68	23	12	164	310	106	118	145	51	67	80	28	14	108.26	169	48	0.384	-1.382	-3.846	0.000119859412170473	0.00462533979989225	0.27	0.18	0.2536	0.2536	TRUE	0.9071
LOC126336321	0	1	0	0	0	982	424	74	0	1	0	1	0	0	0	841	411	87	0	1	134.1	0	268	44.5	5.476	4.358	1.31263275805042e-05	0.000911748022183483	5.3732	0.1588	2.8886	5.3732	TRUE	0.181
LOC126336360	98	195	70	79	140	25	57	30	19	36	88	153	80	63	149	21	55	35	23	42	71.04	107	35	0.392	-1.351	-4.243	2.20512880050363e-05	0.00134869964045045	0.1352	0.2375	0.1495	0.1495	TRUE	0.0929
LOC126336367	149	208	133	92	69	21	36	18	16	37	134	163	153	74	73	18	35	21	20	43	73.34	119	27	0.258	-1.953	-5.718	1.07746226280256e-08	2.89966644165426e-06	0.128	0.2323	0.143	0.143	TRUE	0.0821
LOC126336373	63	168	62	49	65	17	25	15	13	20	57	132	71	39	69	15	24	18	16	23	46.35	74	19	0.298	-1.745	-5.03	4.89280151693208e-07	7.48153831952705e-05	0.1212	0.3267	0.1457	0.1457	TRUE	0.4465
LOC126336375	127	148	131	169	131	45	50	44	51	25	114	116	150	135	139	39	48	52	62	29	88.5	131	46	0.367	-1.446	-6.844	7.69846831618357e-12	6.09356409779801e-09	0.0181	0.2045	0.0435	0.0435	TRUE	0.3055
LOC126336387	1	1	3	1	3	16	4	6	35	22	1	1	3	1	3	14	4	7	43	26	10.2	2	19	5.409	2.435	3.87	0.000108831019474815	0.00433263372205062	0.5409	1.235	0.6361	0.6361	TRUE	0.1465
LOC126336391	2	6	0	5	5	175	2	1277	46	4	2	5	0	4	5	150	2	1501	56	5	172.96	3	343	35.368	5.144	4.502	6.7231984453063e-06	0.00056190905764001	2.5531	0.1389	1.8842	2.5531	TRUE	5.6631
LOC126336401	94	51	84	143	80	242	178	234	143	148	84	40	96	114	85	207	172	275	175	172	142.17	84	200	2.149	1.103	4.402	1.0710127249646e-05	0.000796218078846608	0.0791	0.1538	0.0893	0.0893	TRUE	0.8892
LOC126336408	6149	3662	2309	20509	762	51487	5431	38113	97423	91638	5527	2876	2652	16394	809	44114	5261	44803	118896	106558	34789.07	5652	63926	8.021	3.004	4.54	5.63557406262535e-06	0.000498896609122939	0.8852	0.0706	0.7137	0.7137	TRUE	0.2184
LOC126336409	2	2	0	5	0	1	27	0	28	59	2	2	0	4	0	1	26	0	34	69	13.72	2	26	2.001	1	2.948	0.00319551827551547	0.0420427820428315	2.3459	0.9369	1.9894	1.9894	TRUE	0.1309
LOC126336414	0	0	1	0	0	40	0	3	11	1	0	0	1	0	0	34	0	4	13	1	5.35	0	10	2.215	1.147	3.038	0.00237923046223784	0.0350250269429267	2.8595	2.2906	2.6976	2.6976	TRUE	0.3394
LOC126336417	13245	69	9082	69233	3626	276215	16358	171371	320676	289452	11906	54	10430	55343	3850	236662	15846	201451	391357	336580	126347.87	16317	236379	7.319	2.872	3.984	6.7651409324676e-05	0.00313902539266497	1.1253	0.0703	1.2487	1.1253	TRUE	0.8497
LOC126336424	20	14	17	20	16	334	257	156	221	425	18	11	20	16	17	286	249	183	270	494	156.39	16	296	17.673	4.143	12.828	1.14810879295327e-37	7.72447595898959e-34	0.0897	0.1462	0.0979	0.0979	TRUE	0.3501
LOC126336449	355	221	275	321	377	190	103	47	120	74	319	174	316	257	400	163	100	55	146	86	201.56	293	110	0.431	-1.214	-4.282	1.84910763880843e-05	0.00120200929409692	0.1226	0.1292	0.1236	0.1236	TRUE	0.1921
LOC126336551	0	0	0	0	0	0	204	0	0	141	0	0	0	0	0	0	198	0	0	164	36.16	0	72	4238700.61	22.015	7.508	5.993876097796e-14	7.33214516108572e-11	10	0.399	7.5735	10	TRUE	0.0557
LOC126336630	2	0	1	2	6	10	23	34	12	62	2	0	1	2	6	9	22	40	15	72	16.85	2	32	9.933	3.312	4.483	7.35390689686095e-06	0.000603379092708298	0.6488	0.7758	0.6681	0.6681	TRUE	0.3237
LOC126336664	61	636	29	126	150	31	39	37	41	32	55	499	33	101	159	27	38	43	50	37	104.26	169	39	0.44	-1.183	-3.34	0.000836850453396264	0.0173775612668212	0.5348	0.1842	0.4684	0.4684	TRUE	0.9879
LOC126336707	0	10	1	1	0	5	2	203	19	1	0	8	1	1	0	4	2	239	23	1	27.9	2	54	2.673	1.418	3.159	0.00158335889589764	0.0264338428079388	3.1248	0.4963	2.4736	2.4736	TRUE	7.7579
LOC126336708	0	2	2	0	1	0	7	75	7	3	0	2	2	0	1	0	7	88	9	3	11.19	1	21	2.176	1.121	3.014	0.00257464895603334	0.0365833963594347	2.4364	1.1324	2.1342	2.1342	TRUE	6.7983
LOC126336715	2	2	1	1	1	59	6	33	0	1	2	2	1	1	1	51	6	39	0	1	10.27	1	19	2.578	1.366	3.162	0.00156597012095481	0.026290916436366	1.4946	1.2277	1.4508	1.4508	TRUE	0.072
LOC126336739	559	605	279	194	364	184	125	160	95	134	502	475	320	155	386	158	121	188	116	156	257.81	368	148	0.459	-1.124	-4.211	2.5459802495166e-05	0.0014578174569147	0.1118	0.1163	0.1125	0.1125	TRUE	0.2389
LOC126336796	138	167	124	199	137	70	43	47	59	54	124	131	142	159	145	60	42	55	72	63	99.38	140	58	0.426	-1.23	-6.968	3.22252260420201e-12	2.89081761080949e-09	0.0072	0.1898	0.0276	0.0276	TRUE	0.2337
LOC126336827	1342	1541	1306	1654	1258	861	604	415	476	441	1206	1210	1500	1322	1336	738	585	488	581	513	947.84	1315	581	0.45	-1.152	-8.568	1.04987948660836e-17	1.76589729647526e-14	0.0166	0.0828	0.0214	0.0214	TRUE	0.2781
LOC126336854	1746	3740	2548	2188	1605	1115	901	864	969	585	1569	2937	2926	1749	1704	955	873	1016	1183	680	1559.23	2177	941	0.46	-1.12	-5.008	5.5021142981774e-07	8.1358736259643e-05	0.0688	0.0778	0.0693	0.0693	TRUE	0.0663
LOC126336898	0	2	1	0	3	0	165	1	0	63	0	2	1	0	3	0	160	1	0	73	24.02	1	47	2.046	1.033	2.977	0.0029130259536566	0.0395137875326645	4.8889	0.5651	3.4384	3.4384	TRUE	0.2376
LOC126336914	90	50	64	145	64	214	93	457	128	179	81	39	74	116	68	183	90	537	156	208	155.25	76	235	2.115	1.081	3.487	0.000488989282218388	0.0123217973436903	0.28	0.1468	0.2562	0.2562	TRUE	1.02
LOC126336987	14	2	3	19	0	41	15	119	25	49	13	2	3	15	0	35	15	140	31	57	30.98	7	56	3.309	1.726	3.489	0.000484257082163	0.0122946477312931	0.9554	0.4539	0.8453	0.8453	TRUE	0.5391
LOC126337051	327	106	33	215	43	283	370	1474	249	346	294	83	38	172	46	242	358	1733	304	402	367.24	127	608	2.434	1.283	3.388	0.000703524133755193	0.015438388049008	0.6587	0.1026	0.5313	0.5313	TRUE	6.7185
LOC126337053	133	628	109	106	129	47	85	44	51	23	120	493	125	85	137	40	82	52	62	27	122.29	192	53	0.411	-1.282	-3.61	0.00030567410400321	0.0087328041262573	0.3391	0.1674	0.3083	0.3083	TRUE	4.9951
LOC126337054	3552	6505	2684	2546	3266	884	1222	553	931	598	3193	5108	3082	2035	3467	757	1184	650	1136	695	2130.9	3377	884	0.281	-1.832	-7.064	1.61227392932687e-12	1.54962557093016e-09	0.0946	0.0758	0.0892	0.0892	TRUE	0.1949
LOC126337060	755	144	450	1044	299	1022	981	4898	1809	1353	679	113	517	835	317	876	950	5758	2208	1573	1382.52	492	2273	2.958	1.565	3.743	0.000181648590139086	0.00602035327318112	0.5199	0.0788	0.4165	0.4165	TRUE	0.8833
LOC126337069	3939	6290	2214	3122	2428	1510	1905	1292	1046	905	3541	4939	2543	2496	2578	1294	1845	1519	1277	1052	2308.31	3219	1397	0.462	-1.114	-4.989	6.06804625105528e-07	8.77974519937633e-05	0.0761	0.0754	0.0694	0.0694	TRUE	0.5499
LOC126341201	370	1485	208	459	476	188	222	173	186	97	333	1166	239	367	505	161	215	203	227	113	352.92	522	184	0.477	-1.068	-3.602	0.000315644309963282	0.00896056927186904	0.2296	0.1039	0.2062	0.2062	TRUE	1.1456
LOC126343303	54	641	46	92	97	32	4	19	27	4	49	503	53	74	103	27	4	22	33	5	87.25	156	18	0.199	-2.326	-3.968	7.2513481423498e-05	0.0032707288761808	0.83	0.2065	0.7008	0.7008	TRUE	4.8251
LOC126345073	2	8	1	18	7	58	13	30	29	138	2	6	1	14	7	50	13	35	35	160	32.45	6	59	5.806	2.537	4.117	3.84351618735156e-05	0.00204420370818192	0.7005	0.4366	0.6522	0.6522	TRUE	0.9339
LOC126345116	66	118	97	161	254	397	283	188	312	1218	59	93	111	129	270	340	274	221	381	1416	329.41	132	526	2.491	1.317	3.564	0.000365414301268486	0.00987352377082079	0.4425	0.1063	0.3709	0.3709	TRUE	4.3817
LOC126345132	2	1	0	1	0	15	0	11	4	43	2	1	0	1	0	13	0	13	5	50	8.4	1	16	3.513	1.813	3.332	0.000861005928087356	0.0177098223767533	1.5187	1.4845	1.5116	1.5116	TRUE	0.5811
LOC126346425	3516	44222	93	623	169	260	480	67	150	129	3161	34727	107	498	179	223	465	79	183	150	3977.11	7734	220	0.102	-3.294	-3.849	0.000118664023475435	0.00460156512935288	2.1364	0.0732	1.5233	2.1364	TRUE	7.9338
LOC126348080	17	8	20	23	31	47	53	63	35	59	15	6	23	18	33	40	51	74	43	69	37.28	19	55	2.206	1.142	3.704	0.000212084051728133	0.00669906807524356	0.1381	0.389	0.1748	0.1748	TRUE	0.3039
LOC126349798	144	16	72	96	91	269	259	338	303	202	129	13	83	77	97	230	251	397	370	235	188.14	80	297	2.884	1.528	4.065	4.81180452911876e-05	0.00245256218726599	0.2843	0.1334	0.2546	0.2546	TRUE	0.494
LOC126350552	692	637	730	602	923	1589	1504	1660	1915	813	622	500	838	481	980	1361	1457	1951	2337	945	1147.4	684	1610	2.083	1.059	4.228	2.35377687545793e-05	0.00139526086502916	0.1059	0.0806	0.1015	0.1015	TRUE	0.1129
LOC126350798	453	679	440	426	646	1243	1330	1440	1322	954	407	533	505	341	686	1065	1288	1693	1613	1109	924.09	494	1354	2.611	1.385	6.465	1.00994105416702e-10	5.66240284369644e-08	0.0563	0.0831	0.0594	0.0594	TRUE	0.1581
LOC126350814	395	614	362	462	564	1502	1039	2230	1389	910	355	482	416	369	599	1287	1006	2621	1695	1058	988.92	444	1533	3.186	1.672	6.148	7.83439949625131e-10	3.10057881239875e-07	0.1036	0.0822	0.1001	0.1001	TRUE	0.3873
LOC126353764	0	0	0	1	0	3	7	0	5	28	0	0	0	1	0	3	7	0	6	33	4.88	0	10	2.629	1.395	3.15	0.00163217527809603	0.0269240052815133	2.1642	2.5054	2.2595	2.2595	TRUE	1.0519
LOC126353772	10	10	7	17	10	32	34	23	35	22	9	8	8	14	11	27	33	27	43	26	20.48	10	31	2.787	1.479	4.77	1.84576048753011e-06	0.00020697127600171	0	0.6507	0.0802	0.0802	TRUE	0.2611
LOC126353822	69	40	41	147	62	414	65	285	282	576	62	31	47	118	66	355	63	335	344	670	209.05	65	353	4.306	2.106	4.634	3.5910507320234e-06	0.000355302784191962	0.3754	0.1271	0.3259	0.3259	TRUE	0.1112
LOC126353826	6	16	6	12	3	19	36	18	32	83	5	13	7	10	3	16	35	21	39	97	24.55	8	42	3.785	1.92	4.072	4.6628911784943e-05	0.00239480395793203	0.3274	0.5544	0.3588	0.3588	TRUE	0.68
LOC126353889	43	30	22	20	33	105	118	80	77	55	39	24	25	16	35	90	114	94	94	64	59.47	28	91	3.06	1.614	5.966	2.4363985885885e-09	7.99614131903583e-07	0.0491	0.2701	0.0781	0.0781	TRUE	0.3066
LOC126353962	344	903	246	257	300	12	17	15	21	2	309	709	283	205	319	10	16	18	26	2	189.71	365	14	0.043	-4.538	-9.484	2.43796519721302e-21	5.46754328228306e-18	0.2827	0.1329	0.2519	0.2519	TRUE	0.8009
LOC126354154	415	496	135	502	160	1444	395	1027	622	1345	373	389	155	401	170	1237	383	1207	759	1564	663.89	298	1030	2.885	1.528	4.37	1.24397608328729e-05	0.000885658316228243	0.2263	0.0881	0.1993	0.1993	TRUE	0.1188
LOC126354261	0	1	1	0	0	150	8	80	0	1	0	1	1	0	0	129	8	94	0	1	23.34	0	46	21.134	4.402	4.094	4.23324348051605e-05	0.00220623342087635	3.3106	0.5795	2.4297	2.4297	TRUE	0.0744
LOC126354281	37	40	51	90	30	100	167	116	148	70	33	31	59	72	32	86	162	136	181	81	87.29	45	129	2.43	1.281	4.225	2.38627271056342e-05	0.0014083195435676	0.126	0.2064	0.1383	0.1383	TRUE	0.1305
LOC126354291	13	0	6	18	7	87	39	10	52	116	12	0	7	14	7	75	38	12	63	135	36.28	8	65	4.399	2.137	3.844	0.000121182810650217	0.00464568632509776	0.7403	0.3978	0.6635	0.6635	TRUE	0.1378
LOC126354474	19	2	13	41	6	213	58	51	93	155	17	2	15	33	6	182	56	60	113	180	66.51	15	118	6.196	2.631	4.709	2.48664298656028e-06	0.000269840871186735	0.5129	0.2489	0.4581	0.4581	TRUE	0.1571
LOC126354567	4	5	2	11	3	24	15	25	34	25	4	4	2	9	3	21	15	29	41	29	15.68	4	27	4.857	2.28	4.929	8.28206603709099e-07	0.000113717837341935	0.1102	0.8281	0.2067	0.2067	TRUE	0.2827
LOC126354656	26	118	24	19	25	105	93	450	76	166	23	93	28	15	27	90	90	529	93	193	118.01	37	199	3.299	1.722	3.785	0.000153904544944247	0.0054009621548464	0.5504	0.1709	0.4758	0.4758	TRUE	1.3763
LOC126354658	11	18	5	12	9	11	52	39	22	42	10	14	6	10	10	9	50	46	27	49	23.02	10	36	2.49	1.316	3.657	0.00025486465324817	0.00760412145034894	0.2055	0.5865	0.2531	0.2531	TRUE	0.2243
LOC126354677	40	77	13	42	15	57	85	155	51	131	36	60	15	34	16	49	82	182	62	152	68.88	32	105	2.074	1.052	3.391	0.000695926532397513	0.0154273268862289	0.2946	0.2428	0.2836	0.2836	TRUE	0.1358
LOC126354736	35	7	6	52	14	80	41	70	81	56	31	5	7	42	15	69	40	82	99	65	45.48	20	71	2.019	1.014	3.277	0.00104792331542228	0.0198232472462444	0.3374	0.3316	0.3364	0.3364	TRUE	0.6447
LOC126354789	52	21	45	51	35	126	121	201	180	127	47	16	52	41	37	108	117	236	220	148	102.16	39	166	3.852	1.945	5.922	3.17177507778314e-09	9.92544312712789e-07	0.1279	0.1866	0.1367	0.1367	TRUE	0.1058
LOC126354818	98	105	76	182	68	360	154	169	254	475	88	82	87	145	72	308	149	199	310	552	199.41	95	304	2.778	1.474	4.597	4.27904785032759e-06	0.000402649425692364	0.1565	0.1298	0.1523	0.1523	TRUE	0.3057
LOC126354909	10	1	2	9	3	41	18	10	10	16	9	1	2	7	3	35	17	12	12	19	11.76	4	19	2.023	1.017	3.181	0.001469931565599	0.0251007603384519	0.26	1.0812	0.3825	0.3825	TRUE	0.8107
LOC126354916	2540	2758	1645	1555	2152	675	1343	804	694	432	2283	2166	1889	1243	2285	578	1301	945	847	502	1403.97	1973	835	0.471	-1.085	-4.36	1.30008407108466e-05	0.00091114225315183	0.0965	0.0787	0.0964	0.0964	TRUE	1.0137
LOC126354935	14	2	3	0	4	16	45	1520	63	288	13	2	3	0	4	14	44	1787	77	335	227.77	4	451	46.551	5.541	5.028	4.95393751904545e-07	7.48990823104219e-05	2.0199	0.1224	1.4776	2.0199	TRUE	1.7863
LOC126354938	1	0	0	4	1	18	0	46	39	120	1	0	0	3	1	15	0	54	48	140	26.18	1	51	20.071	4.327	4.296	1.73862831592901e-05	0.00115063442606668	2.0418	0.5243	1.5898	1.5898	TRUE	0.2466
LOC126354941	19	0	10	26	9	167	1	234	172	141	17	0	11	21	10	143	1	275	210	164	85.19	12	159	5.542	2.47	3.751	0.000176272077787272	0.005899108547168	1.5083	0.2097	1.1578	1.1578	TRUE	0.1417
LOC126355070	1	5	0	3	0	337	2	247	0	25	1	4	0	2	0	289	2	290	0	29	61.73	1	122	25.865	4.693	4.305	1.66714184890342e-05	0.00111607267257932	3.3107	0.2628	2.3004	2.3004	TRUE	0.0462
LOC126355145	0	0	0	0	0	40	2	25	0	2	0	0	0	0	0	34	2	29	0	2	6.79	0	13	3.575	1.838	3.344	0.000825782165012218	0.0172274803293092	4.1722	1.8202	3.2463	3.2463	TRUE	0.0504
LOC126355150	83	39	22	229	61	921	99	539	275	624	75	31	25	183	65	789	96	634	336	726	295.82	76	516	5.098	2.35	4.508	6.53811295654622e-06	0.000549855299645537	0.5404	0.1104	0.4454	0.4454	TRUE	0.3429
LOC126355159	5	14	1	19	3	259	117	85	33	300	4	11	1	15	3	222	113	100	40	349	85.93	7	165	19.42	4.279	6.626	3.44972631106511e-11	2.43497812254747e-08	0.5762	0.2085	0.4921	0.4921	TRUE	0.1225
LOC126355228	7	9	2	10	11	14	23	16	20	26	6	7	2	8	12	12	22	19	24	30	14.31	7	21	2	1	3.394	0.000688089032554726	0.0152787558119742	0.0624	0.9011	0.1735	0.1735	TRUE	0.1759
LOC126355277	104	155	131	268	156	528	169	589	357	314	93	122	150	214	166	452	164	692	436	365	285.48	149	422	2.382	1.252	4.123	3.73219085302913e-05	0.00199287143326825	0.1632	0.1118	0.1545	0.1545	TRUE	0.1234
LOC126355316	3	1	1	4	0	8	6	6	16	14	3	1	1	3	0	7	6	7	20	16	6.34	2	11	2.816	1.493	3.406	0.000660378930838771	0.0147608951717052	0.2132	1.9465	0.4589	0.4589	TRUE	0.1234
LOC126355359	0	0	0	0	0	11	10	7	14	5	0	0	0	0	0	9	10	8	17	6	5.02	0	10	33.735	5.076	5.13	2.89603250136408e-07	4.99602735107116e-05	0.0467	2.4362	0.5226	0.5226	TRUE	0.3441
LOC126355446	8136	4300	12852	5642	8472	1767	3701	1128	2980	1155	7313	3377	14760	4510	8995	1514	3585	1326	3637	1343	5035.96	7791	2281	0.381	-1.394	-3.941	8.11717540938284e-05	0.00352337781640824	0.3076	0.0726	0.2426	0.2426	TRUE	0.2241
LOC126355490	200	116	275	173	248	460	731	677	705	876	180	91	316	138	263	394	708	796	860	1019	476.54	198	755	3.391	1.762	5.365	8.11519333509542e-08	1.85081426300075e-05	0.1661	0.0952	0.1534	0.1534	TRUE	0.3093
LOC126355500	7	4	27	6	6	0	3	0	0	0	6	3	31	5	6	0	3	0	0	0	5.45	10	1	0.48	-1.059	-2.985	0.00283583973561832	0.0387659840632465	1.0417	2.2507	1.3091	1.3091	TRUE	4.1327
LOC126355501	59	24	177	37	45	3	23	7	7	9	53	19	203	30	48	3	22	8	9	10	40.46	71	10	0.261	-1.936	-3.794	0.000148280931995276	0.00527848735695352	0.6183	0.364	0.575	0.575	TRUE	1.6863
LOC126355506	163	79	207	111	58	17	43	9	25	7	147	62	238	89	62	15	42	11	31	8	70.2	120	21	0.23	-2.122	-4.519	6.20950214120399e-06	0.000529468134071017	0.3584	0.2395	0.337	0.337	TRUE	0.2443
LOC126355510	399	106	1117	326	917	55	334	27	47	44	359	83	1283	261	974	47	324	32	57	51	346.98	592	102	0.401	-1.317	-3.332	0.000863371787029059	0.0177098223767533	0.8672	0.1045	0.6879	0.6879	TRUE	0.3024
LOC126355511	162	62	267	65	91	28	65	5	21	18	146	49	307	52	97	24	63	6	26	21	78.89	130	28	0.401	-1.317	-3.443	0.000575411770269092	0.0135018977536356	0.5333	0.2209	0.4738	0.4738	TRUE	0.4276
LOC126355514	39	3	83	8	25	2	8	1	4	3	35	2	95	6	27	2	8	1	5	3	18.47	33	4	0.357	-1.484	-3.321	0.000898511847931274	0.0180877636983934	0.9371	0.7138	0.9028	0.9028	TRUE	0.37
LOC126355737	6	8	1	6	4	18	4	70	6	25	5	6	1	5	4	15	4	82	7	29	15.98	4	27	2.144	1.1	3.134	0.00172399710691146	0.0279195135133578	0.7109	0.8139	0.7252	0.7252	TRUE	0.6183
LOC126355760	130	515	172	87	97	65	35	67	33	39	117	404	198	70	103	56	34	79	40	45	114.53	178	51	0.395	-1.34	-3.763	0.000168021572631826	0.00573832051099963	0.2843	0.174	0.2655	0.2655	TRUE	0.5636
LOC126355770	83	178	62	185	41	24	26	39	13	36	75	140	71	148	44	21	25	46	16	42	62.63	96	30	0.408	-1.293	-3.842	0.000122068439284838	0.00466634351993403	0.1985	0.26	0.2077	0.2077	TRUE	0.0575
LOC126355785	5	9	5	15	5	32	17	59	43	56	4	7	6	12	5	27	16	69	52	65	26.54	7	46	5.4	2.433	5.165	2.40624918567382e-07	4.5603505693559e-05	0.2132	0.518	0.2538	0.2538	TRUE	0.078
LOC126355835	1	0	6	6	0	40	9	2	57	46	1	0	7	5	0	34	9	2	70	53	18.1	3	34	3.419	1.773	3.38	0.000724421474159878	0.0156622073919622	1.4567	0.727	1.2827	1.2827	TRUE	0.1144
LOC126355925	16	16	15	29	15	49	19	83	45	101	14	13	17	23	16	42	18	98	55	117	41.36	17	66	2.949	1.56	3.995	6.46000216409226e-05	0.00305002768842195	0.2442	0.3576	0.2598	0.2598	TRUE	0.0703
LOC126355929	1455	185	66	1604	1263	99	78	105	16	51	1308	145	76	1282	1341	85	76	123	20	59	451.47	830	73	0.114	-3.133	-4.907	9.22994515844948e-07	0.000123256142529973	0.7684	0.0965	0.6088	0.6088	TRUE	0.0457
LOC126356148	74	152	153	42	45	21	20	2	2	4	67	119	176	34	48	18	19	2	2	5	48.98	89	9	0.144	-2.795	-4.669	3.01992108410624e-06	0.000312585062367181	0.5639	0.3129	0.5077	0.5077	TRUE	0.1348
LOC126356187	17	35	25	28	3	2	3	5	3	0	15	27	29	22	3	2	3	6	4	0	11.12	19	3	0.301	-1.73	-3.581	0.00034173805218396	0.00944153969151276	0.3906	1.1391	0.5172	0.5172	TRUE	0.1873
LOC126356230	143	55	76	143	131	294	426	200	235	443	129	43	87	114	139	252	413	235	287	515	221.4	102	340	2.954	1.563	4.983	6.24703655749832e-07	8.94256637422313e-05	0.142	0.1239	0.1391	0.1391	TRUE	0.2059
LOC126356330	38	24	22	35	18	64	172	143	28	46	34	19	25	28	19	55	167	168	34	53	60.26	25	95	2.786	1.478	3.894	9.87453170713167e-05	0.00399014110063555	0.2708	0.2675	0.2703	0.2703	TRUE	0.0509
LOC126356344	48	14	60	9	6	1	7	2	0	0	43	11	69	7	6	1	7	2	0	0	14.66	27	2	0.256	-1.968	-3.48	0.000501076308730617	0.0125092445459725	1.1701	0.881	1.1081	1.1081	TRUE	0.2984
LOC126356345	75	25	111	11	9	1	7	2	1	3	67	20	127	9	10	1	7	2	1	3	24.76	47	3	0.101	-3.313	-4.364	1.27886598320522e-05	0.000900964432984784	0.8587	0.5503	0.8062	0.8062	TRUE	0.2038
LOC126356359	18	24	42	6	4	0	1	3	0	0	16	19	48	5	4	0	1	4	0	0	9.68	18	1	0.151	-2.728	-3.724	0.000196133443028278	0.00634416252256853	0.9641	1.2982	1.0389	1.0389	TRUE	0.542
LOC126359007	39	180	100	6	66	8	2	3	0	0	35	141	115	5	70	7	2	4	0	0	37.84	73	3	0.051	-4.281	-4.972	6.63091242668339e-07	9.39216395931071e-05	1.1234	0.3843	0.9241	0.9241	TRUE	0.1336
LOC126359039	7	62	22	8	13	1	0	4	4	0	6	49	25	6	14	1	0	5	5	0	11.09	20	2	0.356	-1.489	-3.291	0.00100007117163453	0.0193305348127561	0.875	1.1422	0.9303	0.9303	TRUE	0.2561
LOC126365722	2	5	1	2	1	4	23	55	135	1	2	4	1	2	1	3	22	65	165	1	26.58	2	51	13.542	3.759	4.252	2.11991218498398e-05	0.00130851093399745	1.387	0.5174	1.2307	1.2307	TRUE	0.3205
LOC126365834	153	3	23	6	7	613	124	274	653	446	138	2	26	5	7	525	120	322	797	519	246.15	36	457	7.365	2.881	4.111	3.93738713148892e-05	0.00207770514671823	1.2176	0.1185	0.9463	0.9463	TRUE	0.9077
LOC126365917	26	15	26	63	18	82	75	76	43	121	23	12	30	50	19	70	73	89	52	141	55.99	27	85	2.446	1.291	3.877	0.000105858632791195	0.00423938619892358	0.1813	0.2825	0.1961	0.1961	TRUE	0.7062
LOC126365944	98	233	57	207	121	281	255	328	200	445	88	183	65	165	128	241	247	386	244	517	226.53	126	327	2.162	1.112	3.972	7.13799548556576e-05	0.00325589380521264	0.1417	0.1227	0.1377	0.1377	TRUE	0.3225
LOC126365952	70	79	0	46	69	3	0	0	0	0	63	62	0	37	73	3	0	0	0	0	23.76	47	1	0.038	-4.731	-4.332	1.48096791447083e-05	0.00100645981096563	2.5015	0.5706	1.6599	1.6599	TRUE	0.9595
LOC126365968	57	285	29	31	96	356	213	337	231	253	51	224	33	25	102	305	206	396	282	294	191.87	87	297	2.007	1.005	3.288	0.00100757285932657	0.0193305348127561	0.3924	0.1322	0.3398	0.3398	TRUE	2.8285
