Id	SPICE_S_Iso_SRR11815195	SPICE_S_Iso_SRR11815196	SPICE_S_Iso_SRR11815207	SPICE_S_Iso_SRR11815218	SPICE_S_Iso_SRR11815229	SPICE_G_Crd_SRR11815262	SPICE_G_Crd_SRR11815264	SPICE_G_Crd_SRR11815265	SPICE_G_Crd_SRR11815266	SPICE_G_Crd_SRR11815267	norm.SPICE_S_Iso_SRR11815195	norm.SPICE_S_Iso_SRR11815196	norm.SPICE_S_Iso_SRR11815207	norm.SPICE_S_Iso_SRR11815218	norm.SPICE_S_Iso_SRR11815229	norm.SPICE_G_Crd_SRR11815262	norm.SPICE_G_Crd_SRR11815264	norm.SPICE_G_Crd_SRR11815265	norm.SPICE_G_Crd_SRR11815266	norm.SPICE_G_Crd_SRR11815267	baseMean	Isolated	Crowded	FoldChange	log2FoldChange	stat	pvalue	padj	dispGeneEst	dispFit	dispMAP	dispersion	betaConv	maxCooks
LOC126266725	45	39	38	55	90	88	73	194	134	154	58	51	27	35	82	117	89	159	160	126	90.42	51	130	2.091	1.064	4.533	5.8056395055826e-06	0.0001771825885299	0.1017	0.085	0.0965	0.0965	TRUE	0.4713
LOC126266765	1	3	3	6	3	31	40	68	16	24	1	4	2	4	3	41	49	56	19	20	19.81	3	37	10.257	3.359	6.776	1.23305067964501e-11	2.22609064953376e-09	0	0.2296	0.1808	0.1808	TRUE	0.0387
LOC126266796	90	67	170	130	121	153	243	303	452	246	117	87	122	84	110	203	295	249	541	201	200.79	104	298	2.522	1.335	5.331	9.78790042555849e-08	7.16921758027478e-06	0.1024	0.0627	0.0907	0.0907	TRUE	1.05
LOC126267090	32	4	89	7	100	1	3	0	1	0	41	5	64	5	91	1	4	0	1	0	21.22	41	1	0.06	-4.054	-5.11	3.22654390371529e-07	1.92362045385221e-05	1.2398	0.2173	0.7637	0.7637	TRUE	0.1422
LOC126267259	348	286	588	768	553	105	98	119	116	157	451	373	423	494	502	139	119	98	139	128	286.58	449	125	0.28	-1.838	-12.162	4.94858356357109e-34	1.58577360294636e-30	0.0125	0.0572	0.0226	0.0226	TRUE	0.168
LOC126267263	1170	876	4191	1975	1588	2716	2302	6062	4867	4996	1517	1142	3013	1271	1442	3598	2794	4972	5823	4087	2965.84	1677	4255	2.102	1.072	4.751	2.02673732723133e-06	7.77805959893748e-05	0.1182	0.0456	0.0956	0.0956	TRUE	0.4722
LOC126267269	107	48	85	93	66	147	166	427	311	213	139	63	61	60	60	195	201	350	372	174	167.49	77	258	3.111	1.637	5.624	1.86241329729478e-08	1.76832693664626e-06	0.131	0.0663	0.1104	0.1104	TRUE	0.2392
LOC126267280	307	252	854	776	373	892	736	1443	1044	1191	398	328	614	499	339	1182	893	1183	1249	974	766.03	436	1096	2.335	1.223	6.707	1.98392864136573e-11	3.48356127740082e-09	0.0461	0.0492	0.0455	0.0455	TRUE	0.5767
LOC126267291	2	3	4	0	1	12	25	14	11	25	3	4	3	0	1	16	30	11	13	20	10.16	2	18	6.889	2.784	4.95	7.40894294423415e-07	3.61094413152827e-05	0.1301	0.4054	0.2519	0.2519	TRUE	0.3988
LOC126267358	2	3	28	51	5	42	28	106	99	105	3	4	20	33	5	56	34	87	118	86	44.49	13	76	4.069	2.025	4.29	1.78347389597267e-05	0.0004316211506411	0.5404	0.1269	0.3717	0.3717	TRUE	0.4893
LOC126267422	6	9	14	12	10	80	51	14	89	112	8	12	10	8	9	106	62	11	106	92	42.38	9	75	6.766	2.758	6.019	1.75464641582807e-09	2.10196801477423e-07	0.3015	0.131	0.2452	0.2452	TRUE	0.2461
LOC126267457	1	1	0	0	0	2	5	22	5	2	1	1	0	0	0	3	6	18	6	2	3.7	0	7	2.73	1.449	3.361	0.000776523404837432	0.00733491304584097	0.6832	1.0366	0.8205	0.8205	TRUE	0.6744
LOC126267478	715	1090	2200	3504	969	1385	4934	4695	5590	8423	927	1420	1582	2254	880	1835	5989	3851	6688	6891	3231.62	1413	5051	3.179	1.669	5.261	1.43087900432283e-07	9.86075649323119e-06	0.1992	0.0455	0.1461	0.1461	TRUE	0.1763
LOC126267514	7	31	26	6	83	123	207	406	321	385	9	40	19	4	75	163	251	333	384	315	159.36	29	289	6.798	2.765	4.831	1.35722435972955e-06	5.74322442879839e-05	0.5414	0.0674	0.3446	0.5414	TRUE	1.3565
LOC126267547	10	0	46	37	53	56	33	254	403	226	13	0	33	24	48	74	40	208	482	185	110.76	24	198	2.485	1.313	3.29	0.00100343697134387	0.00880900274113422	1.017	0.0775	0.567	1.017	TRUE	0.2799
LOC126267556	0	1	0	14	2	8	27	60	34	44	0	1	0	9	2	11	33	49	41	36	18.14	2	34	8.058	3.01	4.852	1.22178545586871e-06	5.34499862570822e-05	0.7893	0.2467	0.4953	0.4953	TRUE	1.9947
LOC126267588	90	131	142	170	110	26	9	35	11	25	117	171	102	109	100	34	11	29	13	20	70.65	120	21	0.193	-2.374	-8.05	8.25565987053243e-16	3.77932315073159e-13	0.0761	0.0963	0.084	0.084	TRUE	0.5447
LOC126267652	8	5	31	25	27	15	22	86	109	81	10	7	22	16	25	20	27	71	130	66	39.36	16	63	2.527	1.337	3.816	0.00013550625005867	0.00196040531969756	0.3514	0.1376	0.2773	0.2773	TRUE	0.2016
LOC126267730	1	0	1	1	4	110	128	88	55	60	1	0	1	1	4	146	155	72	66	49	49.44	1	98	58.698	5.875	9.225	2.82657539137275e-20	2.78700333589353e-17	0.2464	0.1186	0.1882	0.1882	TRUE	0.2633
LOC126267831	2	4	10	11	3	11	15	24	13	19	3	5	7	7	3	15	18	20	16	16	10.84	5	17	2.146	1.102	3.734	0.000188642709899758	0.00249280644896402	0	0.383	0.1255	0.1255	TRUE	0.1709
LOC126267876	121	53	207	208	337	130	487	700	921	642	157	69	149	134	306	172	591	574	1102	525	377.92	163	593	2.832	1.502	4.367	1.25686239874055e-05	0.00033217447890838	0.3069	0.0541	0.2145	0.2145	TRUE	0.1777
LOC126267901	0	0	2	1	2	17	55	9	8	4	0	0	1	1	2	23	67	7	10	3	11.34	1	22	10.401	3.379	4.536	5.71989724866765e-06	0.000175401059649335	0.9164	0.368	0.7053	0.7053	TRUE	0.6472
LOC126267924	4	0	20	19	9	0	0	0	0	1	5	0	14	12	8	0	0	0	0	1	4.08	8	0	0.229	-2.129	-3.72	0.000199300118240833	0.00261744765943749	0.9712	0.9441	0.9551	0.9551	TRUE	0.1096
LOC126267981	1	3	10	4	8	15	19	17	12	22	1	4	7	3	7	20	23	14	14	18	11.15	4	18	2.682	1.423	3.985	6.76181746793168e-05	0.00117125643653984	0.0036	0.3736	0.157	0.157	TRUE	0.3037
LOC126268014	3	5	5	4	7	9	22	13	23	35	4	7	4	3	6	12	27	11	28	29	12.84	5	21	3.591	1.844	4.368	1.25405639310445e-05	0.000332117662124233	0	0.3302	0.1877	0.1877	TRUE	0.0662
LOC126268046	2	1	7	5	7	457	388	2	0	3	3	1	5	3	6	605	471	2	0	2	109.89	4	216	3.522	1.817	3.629	0.000284424974593006	0.00348210059630673	2.9972	0.0778	1.6581	2.9972	TRUE	0.0671
LOC126268068	243	198	830	956	702	337	596	2099	2851	1926	315	258	597	615	637	446	723	1721	3411	1576	1030.03	484	1575	2.205	1.14	3.807	0.000140748254062168	0.00201699933459871	0.3406	0.048	0.2383	0.2383	TRUE	0.2738
LOC126268116	37	53	49	63	39	115	110	175	120	166	48	69	35	41	35	152	134	144	144	136	93.7	46	142	3.081	1.624	8.066	7.28238062348451e-16	3.45724277154905e-13	0.0108	0.0836	0.0369	0.0369	TRUE	0.5584
LOC126268128	20522	28549	31417	28338	37444	32459	51245	82780	126983	63676	26614	37203	22587	18232	33997	43000	62198	67891	151930	52091	51574.43	27727	75422	2.164	1.114	4.443	8.88673816308636e-06	0.000247280484251518	0.2089	0.0445	0.1268	0.1268	TRUE	1.5672
LOC126268222	26	20	82	68	49	141	150	117	81	86	34	26	59	44	44	187	182	96	97	70	83.9	41	126	2.534	1.341	4.838	1.31039833211999e-06	5.61762067595789e-05	0.1253	0.0881	0.1138	0.1138	TRUE	0.0574
LOC126268224	12	12	8	25	16	92	118	121	148	154	16	16	6	16	15	122	143	99	177	126	73.5	14	133	9.366	3.227	11.283	1.5843163567014e-29	3.38462784336642e-26	0.0482	0.0943	0.0653	0.0653	TRUE	0.3401
LOC126268660	2	0	4	2	2	89	75	1	1	5	3	0	3	1	2	118	91	1	1	4	22.36	2	43	2.648	1.405	3.359	0.000783128702795347	0.0073701495685982	1.9936	0.2085	1.2733	1.9936	TRUE	0.071
LOC126268728	901	331	1301	1936	1602	827	1556	4994	6297	3555	1168	431	935	1246	1455	1096	1889	4096	7534	2908	2275.75	1047	3505	2.392	1.258	4.007	6.15988497869194e-05	0.00109359287613398	0.3271	0.046	0.2266	0.2266	TRUE	0.291
LOC126269384	881	579	867	1570	729	345	179	243	183	387	1143	755	623	1010	662	457	217	199	219	317	560.15	839	282	0.365	-1.455	-5.938	2.88957461533263e-09	3.30701494815479e-07	0.0953	0.0509	0.0819	0.0819	TRUE	0.3089
LOC126269625	351	305	541	736	629	169	148	236	150	252	455	397	389	474	571	224	180	194	179	206	326.89	457	197	0.451	-1.148	-8.163	3.26237831542771e-16	1.78075449262096e-13	0.0146	0.0556	0.023	0.023	TRUE	0.2312
LOC126271859	0	0	237	0	257	0	0	0	0	0	0	0	170	0	233	0	0	0	0	0	40.37	81	0	0	-22.701	-7.75	9.18478467975356e-15	3.18190729797517e-12	10	0.1353	3.4655	10	TRUE	0.0762
LOC126271867	5	10	29	25	38	86	73	44	38	61	6	13	21	16	35	114	89	36	45	50	42.49	18	67	2.704	1.435	4.218	2.46710758492481e-05	0.000551623656648926	0.232	0.1307	0.1966	0.1966	TRUE	0.2047
LOC126271932	506	640	1263	1017	875	301	191	307	192	357	656	834	908	654	794	399	232	252	230	292	525.12	769	281	0.378	-1.402	-7.869	3.56549463276939e-15	1.38492455160115e-12	0.0343	0.0514	0.0386	0.0386	TRUE	0.4114
LOC126271968	93	124	227	313	261	52	42	70	43	76	121	162	163	201	237	69	51	57	51	62	117.46	177	58	0.341	-1.553	-7.401	1.35306808431407e-13	3.69013334143357e-11	0.0342	0.0756	0.0449	0.0449	TRUE	0.1042
LOC126272130	2	1	5	7	1	7	9	7	21	17	3	1	4	5	1	9	11	6	25	14	7.79	3	13	2.387	1.255	3.45	0.000559929351022865	0.00577872336667559	0.1854	0.5156	0.2962	0.2962	TRUE	0.3369
LOC126272143	6	24	0	32	12	12	69	682	467	588	8	31	0	21	11	16	84	559	559	481	176.93	14	340	7.837	2.97	4.194	2.74487970846092e-05	0.00058934452433923	1.4062	0.0651	0.7614	1.4062	TRUE	0.0736
LOC126272147	19	82	44	93	55	193	158	182	138	259	25	107	32	60	50	256	192	149	165	212	124.66	55	195	3.233	1.693	5.43	5.62562975727536e-08	4.53517749866387e-06	0.1551	0.0738	0.1266	0.1266	TRUE	1.1049
LOC126272273	0	1	5	2	0	0	2	24	12	38	0	1	4	1	0	0	2	20	14	31	7.37	1	13	2.061	1.044	3.069	0.00215080514109098	0.0155143614510435	1.5205	0.542	1.0563	1.0563	TRUE	0.1432
LOC126272290	231	434	390	1075	436	511	1203	1597	1591	1839	300	566	280	692	396	677	1460	1310	1904	1504	908.78	447	1371	2.721	1.444	5.313	1.08015442264228e-07	7.77832549967904e-06	0.1391	0.0484	0.1099	0.1099	TRUE	0.2533
LOC126272341	21	22	9	23	33	16	52	63	160	133	27	29	6	15	30	21	63	52	191	109	54.33	21	87	2.641	1.401	3.816	0.000135836516641083	0.00196296783574454	0.4268	0.1119	0.3155	0.3155	TRUE	0.2331
LOC126272396	1	35	4	94	57	1	2	0	0	1	1	46	3	60	52	1	2	0	0	1	16.66	32	1	0.073	-3.767	-4.666	3.06605565589343e-06	0.000107968959882533	1.3964	0.2646	0.888	0.888	TRUE	0.0778
LOC126272474	487	421	700	977	512	686	2540	1141	1308	1687	632	549	503	629	465	909	3083	936	1565	1380	1064.94	556	1575	2.408	1.268	4.948	7.50692394273418e-07	3.63108494709308e-05	0.1387	0.0478	0.1097	0.1097	TRUE	0.7503
LOC126272525	24	36	32	44	46	52	61	116	101	129	31	47	23	28	42	69	74	95	121	106	63.56	34	93	2.465	1.301	5.553	2.81189970869435e-08	2.48571934248581e-06	0.0471	0.1021	0.0638	0.0638	TRUE	0.1137
LOC126272571	139	24	47	70	54	339	187	675	519	588	180	31	34	45	49	449	227	554	621	481	267.1	68	466	6.012	2.588	6.269	3.62814197816283e-10	5.47123810306955e-08	0.3346	0.0581	0.2298	0.2298	TRUE	2.1026
LOC126272572	4210	988	1580	1706	247	12836	11111	17067	4579	6398	5460	1288	1136	1098	224	17004	13486	13997	5479	5234	6440.53	1841	11040	2.313	1.21	3.277	0.0010504573782309	0.00911012359550991	0.7469	0.045	0.4062	0.7469	TRUE	0.5568
LOC126272573	231	214	807	708	345	129	94	229	118	185	300	279	580	456	313	171	114	188	141	151	269.27	386	153	0.448	-1.159	-5.573	2.50738650987487e-08	2.24753008976056e-06	0.0675	0.058	0.0641	0.0641	TRUE	0.2474
LOC126272684	4	1	31	5	4	5	5	29	170	144	5	1	22	3	4	7	6	24	203	118	39.33	7	72	2.012	1.009	3.039	0.00237108768918802	0.0165807975995701	1.3499	0.1377	0.8874	1.3499	TRUE	0.2055
LOC126272693	180	246	205	314	332	535	1868	1473	2237	1278	233	321	147	202	301	709	2267	1208	2676	1045	911.09	241	1581	6.035	2.593	7.855	4.00275437211548e-15	1.50903839828754e-12	0.1836	0.0484	0.1412	0.1412	TRUE	0.0703
LOC126272726	86	79	303	333	220	311	690	412	629	405	112	103	218	214	200	412	837	338	753	331	351.76	169	534	2.727	1.447	5.068	4.01799710822525e-07	2.23924725796657e-05	0.1547	0.0548	0.1237	0.1237	TRUE	0.0848
LOC126272787	1175	2422	2526	4122	3666	6077	11564	11773	11082	9574	1524	3156	1816	2652	3329	8050	14036	9655	13259	7832	6530.96	2495	10566	4.07	2.025	8.145	3.78983332343128e-16	1.94312334158969e-13	0.0891	0.045	0.0782	0.0782	TRUE	0.0812
LOC126272873	284	33	350	282	209	8	13	19	21	58	368	43	252	181	190	11	16	16	25	47	114.87	207	23	0.134	-2.895	-6.394	1.61686733628897e-10	2.62341841981671e-08	0.3835	0.0763	0.268	0.268	TRUE	0.1335
LOC126272884	140	5	13	363	181	12	6	9	5	17	182	7	9	234	164	16	7	7	6	14	64.58	119	10	0.207	-2.273	-3.91	9.2485273442089e-05	0.00147999529960137	0.9399	0.1012	0.6202	0.9399	TRUE	0.0344
LOC126272891	60	5	12	8	5	190	225	485	435	463	78	7	9	5	5	252	273	398	520	379	192.44	21	364	10.76	3.428	5.164	2.41306506647178e-07	1.53122118920966e-05	0.7576	0.0635	0.4565	0.7576	TRUE	3.4314
LOC126272892	180	17	24	15	14	337	363	1106	925	864	233	22	17	10	13	446	441	907	1107	707	390.28	59	722	5.586	2.482	4.072	4.66679492502468e-05	0.000895493672888718	0.9392	0.0538	0.5698	0.9392	TRUE	1.9573
LOC126272895	76	101	288	167	184	271	969	740	1009	620	99	132	207	107	167	359	1176	607	1207	507	456.82	142	771	5.004	2.323	7.122	1.06170526594144e-12	2.38753299979604e-10	0.1749	0.0524	0.1363	0.1363	TRUE	0.0421
LOC126272901	51	9	28	29	14	136	80	183	203	170	66	12	20	19	13	180	97	150	243	139	93.87	26	162	5.58	2.48	6.175	6.61990213004041e-10	9.02701122370829e-08	0.2762	0.0835	0.202	0.202	TRUE	1.0568
LOC126272939	4	0	0	3	1	23	5	18	17	20	5	0	0	2	1	30	6	15	20	16	9.6	2	17	7.192	2.846	4.614	3.95030737120614e-06	0.000129082592072225	0.316	0.4265	0.3732	0.3732	TRUE	0.4109
LOC126272949	501	74	87	175	262	43	21	43	60	59	650	96	63	113	238	57	25	35	72	48	139.7	232	47	0.284	-1.817	-4.235	2.28835416568763e-05	0.000520996868486395	0.4919	0.0707	0.3362	0.3362	TRUE	0.8833
LOC126273033	0	0	3	2	1	8	15	8	10	13	0	0	2	1	1	11	18	7	12	11	6.23	1	12	6.365	2.67	4.374	1.21943104078851e-05	0.000324287698772347	0	0.6332	0.2703	0.2703	TRUE	0.281
LOC126273036	4	2	18	21	7	26	29	29	52	40	5	3	13	14	6	34	35	24	62	33	22.9	8	38	3.641	1.864	4.786	1.70420110108834e-06	6.75587164775718e-05	0.1461	0.2046	0.1679	0.1679	TRUE	0.56
LOC126273067	195	157	245	280	150	18	61	156	24	97	253	205	176	180	136	24	74	128	29	79	128.39	190	67	0.499	-1.003	-3.853	0.000116841366143124	0.00175371502485077	0.2253	0.073	0.1705	0.1705	TRUE	1.113
LOC126273126	728	689	2009	2206	2662	396	458	563	646	639	944	898	1444	1419	2417	525	556	462	773	523	996.05	1424	568	0.471	-1.087	-4.961	6.9957832885969e-07	3.46223745919827e-05	0.1006	0.0481	0.0849	0.0849	TRUE	0.4427
LOC126273129	31	37	51	77	82	51	154	110	365	248	40	48	37	50	74	68	187	90	437	203	123.34	50	197	3.19	1.673	4.559	5.13613418487159e-06	0.00016018240384838	0.2879	0.0741	0.2143	0.2143	TRUE	0.3734
LOC126273131	79	90	179	109	225	403	611	439	643	778	102	117	129	70	204	534	742	360	769	636	366.41	124	608	4.631	2.211	7.959	1.7372087686626e-15	7.18307806345715e-13	0.1113	0.0544	0.0945	0.0945	TRUE	0.3496
LOC126273136	262	198	207	365	578	880	1713	1314	2356	1660	340	258	149	235	525	1166	2079	1078	2819	1358	1000.57	301	1700	5.215	2.383	7.274	3.48797721035915e-13	8.9417783764767e-11	0.1871	0.0481	0.1396	0.1396	TRUE	0.2168
LOC126273137	43	26	67	54	45	70	76	85	135	145	56	34	48	35	41	93	92	70	162	119	74.82	43	107	2.117	1.082	4.93	8.22913279703506e-07	3.84967241578086e-05	0.0621	0.0934	0.0709	0.0709	TRUE	0.2675
LOC126273222	218	108	572	391	206	637	791	2063	1890	1788	283	141	411	252	187	844	960	1692	2261	1463	849.32	255	1444	5.284	2.402	7.824	5.13153953296301e-15	1.82711315926444e-12	0.1591	0.0487	0.1205	0.1205	TRUE	0.1249
LOC126273343	18	11	17	18	27	62	30	64	64	102	23	14	12	12	25	82	36	52	77	83	41.7	17	66	3.592	1.845	5.763	8.27845027682062e-09	8.55751416518441e-07	0.0908	0.1324	0.1042	0.1042	TRUE	0.141
LOC126274914	0	0	2	2	3	2	3	15	30	10	0	0	1	1	3	3	4	12	36	8	6.81	1	13	3.276	1.712	3.539	0.000401514716219585	0.00449093859729724	0.7277	0.583	0.6729	0.6729	TRUE	0.6359
LOC126275742	41	40	49	84	75	16	7	12	20	26	53	52	35	54	68	21	8	10	24	21	34.74	52	17	0.38	-1.394	-4.841	1.29215240333262e-06	5.59554375199914e-05	0.0677	0.15	0.097	0.097	TRUE	0.2282
LOC126276148	547	175	1474	1467	697	962	1339	2810	3163	2088	709	228	1060	944	633	1274	1625	2305	3784	1708	1427.05	715	2139	2.29	1.195	4.25	2.1388020836476e-05	0.000495753437761212	0.2301	0.047	0.1652	0.1652	TRUE	0.4965
LOC126277367	324	225	594	718	363	571	936	867	1190	891	420	293	427	462	330	756	1136	711	1424	729	668.82	386	951	2.176	1.122	5.603	2.10125544746473e-08	1.95173132794224e-06	0.0704	0.0499	0.0626	0.0626	TRUE	0.2397
LOC126277893	7805	5909	24303	29594	13124	20294	16676	43964	46131	34673	10122	7700	17473	19040	11916	26884	20240	36056	55194	28365	23299.07	13250	33348	2.011	1.008	4.425	9.65231087639787e-06	0.000266071657663802	0.1479	0.0446	0.1087	0.1087	TRUE	0.3963
LOC126277894	8	18	36	21	24	62	10	199	455	358	10	23	26	14	22	82	12	163	544	293	118.97	19	219	6.815	2.769	4.497	6.9018223156447e-06	0.000202831331433243	0.7102	0.0752	0.464	0.7102	TRUE	0.1566
LOC126277895	26	19	85	47	21	6	8	11	11	15	34	25	61	30	19	8	10	9	13	12	22.1	34	10	0.413	-1.275	-4.142	3.43731465430292e-05	0.000708352077795094	0.1104	0.2104	0.1384	0.1384	TRUE	0.63
LOC126277896	78	45	279	269	31	18	19	21	24	34	101	59	201	173	28	24	23	17	29	28	68.23	112	24	0.255	-1.973	-4.879	1.06536392317391e-06	4.75813058092097e-05	0.2857	0.0982	0.2237	0.2237	TRUE	0.0539
LOC126277913	0	0	2	1	2	0	1	27	24	25	0	0	1	1	2	0	1	22	29	20	7.64	1	14	3.358	1.747	3.526	0.000421865078120145	0.00462968028368495	1.5002	0.5245	1.042	1.042	TRUE	0.0375
LOC126277952	0	0	6	6	3	10	18	12	19	23	0	0	4	4	3	13	22	10	23	19	9.74	2	17	4.986	2.318	4.531	5.8793553465504e-06	0.00017858193562105	0.0847	0.4212	0.2381	0.2381	TRUE	0.1795
LOC126278098	2	0	6	7	6	2	3	32	41	34	3	0	4	5	5	3	4	26	49	28	12.63	3	22	2.396	1.26	3.309	0.000937011874193068	0.00839152110611233	0.7851	0.335	0.6101	0.6101	TRUE	0.1029
LOC126278127	44	57	61	124	74	97	443	110	162	100	57	74	44	80	67	129	538	90	194	82	135.42	64	207	2.077	1.055	3.649	0.000263513903942335	0.0032729856790047	0.3365	0.0715	0.2437	0.2437	TRUE	1.4078
LOC126278130	2	1	10	0	4	0	38	21	11	41	3	1	7	0	4	0	46	17	13	34	12.48	3	22	2.08	1.057	3.092	0.00198870467049738	0.0146417096303477	1.3191	0.3385	0.8623	0.8623	TRUE	0.1216
LOC126278151	43	35	91	83	53	23	19	20	4	16	56	46	65	53	48	30	23	16	5	13	35.61	54	17	0.393	-1.347	-4.626	3.73638327743329e-06	0.000124075028109171	0.0805	0.1474	0.1107	0.1107	TRUE	0.5279
LOC126278156	14	32	70	79	26	6	2	2	10	18	18	42	50	51	24	8	2	2	12	15	22.33	37	8	0.294	-1.766	-4.174	2.99656526146359e-05	0.000632783748293908	0.3116	0.2087	0.2701	0.2701	TRUE	0.2028
LOC126278162	110	33	74	43	91	818	1543	2082	2688	709	143	43	53	28	83	1084	1873	1708	3216	580	880.92	70	1692	18.959	4.245	8.161	3.33422591846646e-16	1.78075449262096e-13	0.3749	0.0486	0.2383	0.3749	TRUE	0.1635
LOC126278163	47	30	33	44	31	18	133	192	243	220	61	39	24	28	28	24	161	157	291	180	99.37	36	163	3.662	1.873	4.603	4.16787919423695e-06	0.000135250317751213	0.3521	0.0813	0.2544	0.2544	TRUE	0.1143
LOC126278362	1	0	6	4	0	8	2	11	26	17	1	0	4	3	0	11	2	9	31	14	7.52	2	13	2.58	1.368	3.352	0.000801436844652648	0.00748202292407694	0.6513	0.532	0.5994	0.5994	TRUE	0.2989
LOC126278367	1	0	8	1	0	1	1	264	116	222	1	0	6	1	0	1	1	217	139	182	54.71	2	108	6.049	2.597	3.932	8.41540659006069e-05	0.00137939490628386	2.5713	0.1115	1.3165	2.5713	TRUE	0.1856
LOC126278520	118	163	517	537	144	1029	867	2183	2280	1999	153	212	372	345	131	1363	1052	1790	2728	1635	978.24	243	1714	6.521	2.705	8.66	4.73267765739595e-18	3.56843895367655e-15	0.1686	0.0481	0.1247	0.1247	TRUE	0.2178
LOC126278583	1	21	7	11	9	163	153	76	147	112	1	27	5	7	8	216	186	62	176	92	78.04	10	146	12.319	3.623	7.524	5.29345676364354e-14	1.61551259039007e-11	0.4342	0.0914	0.2758	0.2758	TRUE	0.4651
LOC126278611	29	48	31	47	54	13	10	5	1	3	38	63	22	30	49	17	12	4	1	2	23.88	40	7	0.237	-2.079	-4.471	7.77341192745222e-06	0.000221914463443391	0.3554	0.198	0.2865	0.2865	TRUE	0.4329
LOC126278622	2849	718	6670	5886	2341	4042	4545	13772	16715	9929	3695	936	4795	3787	2126	5355	5516	11295	19999	8123	6562.56	3068	10058	2.372	1.246	4.041	5.31918291680753e-05	0.000992449587010755	0.3051	0.045	0.2156	0.2156	TRUE	0.4166
LOC126278623	25	23	35	90	34	15	8	12	3	12	32	30	25	58	31	20	10	10	4	10	22.92	35	11	0.39	-1.357	-4.212	2.52594373445338e-05	0.000560165169346426	0.1159	0.2045	0.1469	0.1469	TRUE	1.159
LOC126278625	17	46	54	90	43	13	14	23	13	12	22	60	39	58	39	17	17	19	16	10	29.62	44	16	0.464	-1.109	-4.246	2.17813887279007e-05	0.000501245674531834	0.0731	0.1683	0.1026	0.1026	TRUE	0.1209
LOC126278931	0	0	1	0	0	2	0	1	15	46	0	0	1	0	0	3	0	1	18	38	5.98	0	12	3.48	1.799	3.602	0.000315488852657517	0.00377585071275822	3.1714	0.6583	1.7897	1.7897	TRUE	0.2134
LOC126278999	7	14	35	31	26	0	0	0	4	12	9	18	25	20	24	0	0	0	5	10	11.06	19	3	0.439	-1.188	-3.24	0.00119545529679544	0.00999565948749118	0.9679	0.376	0.6109	0.6109	TRUE	2.4483
LOC126279112	284	313	492	596	425	204	104	152	98	183	368	408	354	383	386	270	126	125	117	150	268.73	380	158	0.468	-1.097	-5.598	2.16716551454533e-08	1.9984696090246e-06	0.0573	0.058	0.0575	0.0575	TRUE	1.6151
LOC126280541	19	16	80	82	89	61	107	310	370	275	25	21	58	53	81	81	130	254	443	225	136.92	48	227	4.037	2.013	4.993	5.9524645703271e-07	3.03978848057581e-05	0.3231	0.0712	0.2311	0.2311	TRUE	0.1873
LOC126280589	1	0	3	4	8	5	5	21	31	38	1	0	2	3	7	7	6	17	37	31	11.14	3	20	3.632	1.861	3.801	0.000144166230874453	0.00205096864300637	0.5288	0.3738	0.47	0.47	TRUE	0.1692
LOC126280622	11	5	8	7	30	49	52	56	67	57	14	7	6	5	27	65	63	46	80	47	35.9	12	60	4.485	2.165	5.252	1.50567634057894e-07	1.02658294327345e-05	0.2286	0.1466	0.1969	0.1969	TRUE	1.4202
LOC126280638	40	26	49	57	139	129	134	221	367	282	52	34	35	37	126	171	163	181	439	231	146.84	57	237	3.621	1.856	5.064	4.09724626605612e-07	2.25401298876856e-05	0.2518	0.0694	0.188	0.188	TRUE	2.5623
LOC126281273	38	46	82	89	84	120	144	280	222	203	49	60	59	57	76	159	175	230	266	166	129.68	60	199	3.2	1.678	8.191	2.58054476287037e-16	1.50351921683966e-13	0.0317	0.0727	0.0423	0.0423	TRUE	0.1512
LOC126281288	11	10	57	25	24	31	24	134	126	87	14	13	41	16	22	41	29	110	151	71	50.82	21	80	2.656	1.409	4.036	5.4486044748313e-05	0.00100925162078595	0.3054	0.1166	0.2388	0.2388	TRUE	0.1278
LOC126281297	25	19	17	8	26	1	0	3	1	2	32	25	12	5	24	1	0	2	1	2	10.48	20	1	0.119	-3.074	-4.837	1.31621134899017e-06	5.62373235711865e-05	0	0.3946	0.3374	0.3374	TRUE	0.0713
LOC126281298	200	126	264	580	143	23	22	152	64	123	259	164	190	373	130	30	27	125	77	101	147.54	223	72	0.462	-1.116	-3.883	0.00010307999730105	0.00159908874913487	0.2765	0.0693	0.2016	0.2016	TRUE	0.2848
LOC126281323	156	156	259	424	220	49	77	85	45	75	202	203	186	273	200	65	93	70	54	61	140.76	213	69	0.33	-1.601	-8.433	3.38263547001524e-17	2.28203270813975e-14	0.0229	0.0705	0.0353	0.0353	TRUE	0.3366
LOC126281377	8	1	1	4	2	10	17	39	8	31	10	1	1	3	2	13	21	32	10	25	11.76	3	20	4.201	2.071	4.141	3.45166107438132e-05	0.000710166800183303	0.3234	0.3564	0.3375	0.3375	TRUE	0.594
LOC126281584	8	5	9	25	7	35	34	10	57	77	10	7	6	16	6	46	41	8	68	63	27.28	9	45	3.658	1.871	4.351	1.35267764346099e-05	0.000350984251698035	0.3126	0.1789	0.2688	0.2688	TRUE	0.2377
LOC126281602	2	0	5	3	6	4	1	52	81	23	3	0	4	2	5	5	1	43	97	19	17.85	3	33	4.751	2.248	3.888	0.000101207697745286	0.00158591720012112	1.212	0.25	0.8267	0.8267	TRUE	0.2635
LOC126281604	4	1	1	10	4	5	1	92	58	114	5	1	1	6	4	7	1	75	69	93	26.32	3	49	7.292	2.866	4.397	1.09837022588529e-05	0.000296398095903108	1.1376	0.1838	0.7616	0.7616	TRUE	0.0379
LOC126281721	0	19	23	2	22	0	0	0	0	0	0	25	17	1	20	0	0	0	0	0	6.26	13	0	0.112	-3.159	-4.145	3.40502898022623e-05	0.000703962281750642	3.1878	0.6309	1.4882	1.4882	TRUE	0.0294
LOC126281797	108	3	165	235	25	7	6	9	0	10	140	4	119	151	23	9	7	7	0	8	46.86	87	6	0.196	-2.351	-3.922	8.77769745870915e-05	0.00141882126135856	1.0164	0.1227	0.6167	1.0164	TRUE	0.0488
LOC126281798	23	2	85	64	7	4	5	1	0	1	30	3	61	41	6	5	6	1	0	1	15.41	28	3	0.208	-2.265	-3.915	9.03009010243874e-05	0.00145411677051583	1.0697	0.2825	0.7387	0.7387	TRUE	0.0883
LOC126281827	50	71	470	341	140	518	209	2177	895	1242	65	93	338	219	127	686	254	1785	1071	1016	565.4	168	962	4.084	2.03	4.316	1.5913788811287e-05	0.000396853978566297	0.4037	0.0509	0.269	0.4037	TRUE	0.154
LOC126281860	296	17	854	999	53	60	31	25	26	14	384	22	614	643	48	79	38	21	31	11	189.1	342	36	0.274	-1.868	-3.672	0.00024092574213061	0.00303358169217108	0.9263	0.0638	0.5804	0.9263	TRUE	0.0527
LOC126281916	282	68	261	2313	339	46	33	93	71	116	366	89	188	1488	308	61	40	76	85	95	279.5	488	71	0.247	-2.017	-4.013	5.99176936270792e-05	0.00107606862387077	0.5641	0.0575	0.3686	0.5641	TRUE	1.5028
LOC126282005	86	19	66	46	43	362	263	647	483	404	112	25	47	30	39	480	319	531	578	330	249.02	51	448	8.098	3.018	8.793	1.45646833079978e-18	1.16681319151197e-15	0.1951	0.0591	0.1445	0.1445	TRUE	0.5712
LOC126282035	568	376	743	1844	642	994	3122	2051	1382	2011	737	490	534	1186	583	1317	3789	1682	1654	1645	1361.69	706	2017	2.368	1.243	4.741	2.12511658995647e-06	8.08301022257035e-05	0.1581	0.0471	0.1215	0.1215	TRUE	2.9675
LOC126282076	1	0	0	0	1	16	25	7	9	15	1	0	0	0	1	21	30	6	11	12	8.25	0	16	17.343	4.116	5.033	4.83107543325929e-07	2.55887292989742e-05	0	0.489	0.3827	0.3827	TRUE	0.1831
LOC126282090	3	1	15	24	29	6	12	113	121	60	4	1	11	15	26	8	15	93	145	49	36.68	11	62	2.148	1.103	3.217	0.00129670064623345	0.0106473620473625	0.9182	0.1444	0.618	0.618	TRUE	0.1214
LOC126282091	4	1	1	4	2	8	8	11	12	10	5	1	1	3	2	11	10	9	14	8	6.35	2	10	2.461	1.3	3.515	0.000439727568101389	0.00477258930391499	0	0.6225	0.2206	0.2206	TRUE	0.326
LOC126282133	0	0	0	0	0	0	5	52	13	59	0	0	0	0	0	0	6	43	16	48	11.25	0	23	4.103	2.037	3.783	0.000155109987151502	0.0021634383191599	3.1336	0.3704	1.1966	3.1336	TRUE	0.0367
LOC126282159	12	14	27	31	47	34	56	70	105	54	16	18	19	20	43	45	68	57	126	44	45.61	23	68	2.124	1.087	4	6.32143406450425e-05	0.00111302392635736	0.1619	0.1248	0.1501	0.1501	TRUE	0.9152
LOC126282247	134	37	170	217	242	909	961	1167	1560	1110	174	48	122	140	220	1204	1166	957	1866	908	680.58	141	1220	7.973	2.995	9.534	1.51270313841283e-21	2.15442542535285e-18	0.1649	0.0498	0.1243	0.1243	TRUE	0.627
LOC126282249	605	256	370	464	601	2156	3032	2639	3928	3098	785	334	266	299	546	2856	3680	2164	4700	2534	1816.3	446	3187	6.661	2.736	9.067	1.22311453492243e-19	1.11984872204541e-16	0.1512	0.0464	0.1166	0.1166	TRUE	0.3373
LOC126282250	296	102	130	171	215	830	1233	1119	1575	1269	384	133	93	110	195	1100	1497	918	1884	1038	735.18	183	1287	6.431	2.685	7.889	3.05129372019943e-15	1.22223384079739e-12	0.2049	0.0494	0.1503	0.1503	TRUE	0.8059
LOC126282252	19	3	38	49	50	103	137	295	353	286	25	4	27	32	45	136	166	242	422	234	133.38	27	240	7.774	2.959	7.41	1.25898116685012e-13	3.50817839058367e-11	0.2929	0.0719	0.1981	0.1981	TRUE	0.2952
LOC126282256	9	7	91	79	79	69	89	144	302	188	12	9	65	51	72	91	108	118	361	154	104.14	42	166	2.457	1.297	3.716	0.000202123845344131	0.00264639780349445	0.4839	0.0796	0.3265	0.3265	TRUE	1.6343
LOC126282268	222	167	708	505	624	400	534	2179	2940	1577	288	218	509	325	567	530	648	1787	3518	1290	967.88	381	1555	3.284	1.715	4.556	5.21044266943847e-06	0.000161712964011773	0.3486	0.0482	0.2361	0.2361	TRUE	0.3254
LOC126282269	4	3	17	5	11	17	17	39	30	19	5	4	12	3	10	23	21	32	36	16	16.11	7	26	2.477	1.308	3.931	8.44933898465141e-05	0.00138099690171102	0.1239	0.2721	0.1761	0.1761	TRUE	0.2372
LOC126282270	485	188	666	570	403	186	90	215	137	166	629	245	479	367	366	246	109	176	164	136	291.71	417	166	0.477	-1.067	-4.816	1.46632076116576e-06	5.9857641772684e-05	0.1031	0.057	0.0869	0.0869	TRUE	0.1697
LOC126282325	2	0	2	0	0	4	3	6	9	10	3	0	1	0	0	5	4	5	11	8	3.68	1	7	2.212	1.146	3.152	0.00161892967297435	0.0125670022115209	0.0321	1.0403	0.4989	0.4989	TRUE	0.3345
LOC126283958	9	27	54	36	30	0	0	0	6	6	12	35	39	23	27	0	0	0	7	5	14.82	27	2	0.138	-2.858	-4.761	1.92386816493577e-06	7.4501939994401e-05	0.6643	0.292	0.4082	0.4082	TRUE	0.5684
LOC126283998	7	38	44	65	30	2	1	0	3	1	9	50	32	42	27	3	1	0	4	1	16.76	32	2	0.071	-3.812	-6.077	1.2279858047869e-09	1.54316882801554e-07	0.2768	0.2634	0.2707	0.2707	TRUE	0.1688
LOC126284004	263	330	880	840	502	570	1006	1982	1500	1660	341	430	633	540	456	755	1221	1626	1795	1358	915.43	480	1351	2.601	1.379	6.177	6.54837564971302e-10	9.0254923739808e-08	0.0766	0.0484	0.0686	0.0686	TRUE	0.1726
LOC126284129	82	133	202	317	222	290	360	497	450	522	106	173	145	204	202	384	437	408	538	427	302.46	166	439	2.495	1.319	7.243	4.38041701056996e-13	1.05939972153747e-10	0.0345	0.0565	0.0405	0.0405	TRUE	0.4031
LOC126284235	74	121	149	230	211	489	598	177	433	451	96	158	107	148	192	648	726	145	518	369	310.61	140	481	2.946	1.559	4.936	7.97959019385646e-07	3.78184648647329e-05	0.1999	0.0562	0.1513	0.1513	TRUE	0.1408
LOC126284236	5	4	9	1	13	19	27	14	33	26	6	5	6	1	12	25	33	11	39	21	16.08	6	26	2.641	1.401	3.75	0.000177118075780224	0.00239646900208836	0.2827	0.2726	0.2788	0.2788	TRUE	0.2444
LOC126284240	377	534	479	1637	1283	33	53	43	72	96	489	696	344	1053	1165	44	64	35	86	79	405.53	749	62	0.091	-3.461	-10.273	9.36568422186132e-25	1.71499057651169e-21	0.1835	0.0534	0.1387	0.1387	TRUE	0.0396
LOC126284254	81	322	120	146	126	421	189	639	1011	876	105	420	86	94	114	558	229	524	1210	717	405.67	164	648	2.921	1.547	4.185	2.84623167987899e-05	0.000606029861672573	0.3964	0.0534	0.2669	0.2669	TRUE	0.6395
LOC126284272	41	17	130	47	62	126	170	167	235	216	53	22	93	30	56	167	206	137	281	177	122.34	51	194	3.408	1.769	5.498	3.83698560431249e-08	3.25711797854818e-06	0.1638	0.0744	0.1331	0.1331	TRUE	0.859
LOC126284279	19	26	28	49	40	0	0	2	0	4	25	34	20	32	36	0	0	2	0	3	15.14	29	1	0.06	-4.053	-6.554	5.60490356151777e-11	9.33034465604348e-09	0.0336	0.2867	0.1454	0.1454	TRUE	0.7596
LOC126284300	2609	2112	15237	4469	3056	10548	13266	29771	35566	18155	3384	2752	10955	2875	2775	13973	16102	24416	42553	14852	13463.67	4548	22379	4.328	2.114	5.424	5.83868142672594e-08	4.61976657578847e-06	0.3173	0.0447	0.2156	0.2156	TRUE	1.3209
LOC126284306	6633	8245	22300	18283	9504	21364	16940	56730	66508	51068	8602	10744	16033	11763	8629	28302	20561	46526	79574	41777	27251.1	11154	43348	3.621	1.857	6.124	9.12261058429942e-10	1.20550126257268e-07	0.1751	0.0445	0.1228	0.1228	TRUE	0.2586
LOC126284316	1307	1733	13493	6591	13641	4923	10600	52939	42042	27132	1695	2258	9701	4240	12385	6522	12866	43417	50301	22196	16558.18	6056	27060	2.001	1.001	3.176	0.00149182866491852	0.011789309387747	0.5552	0.0446	0.3779	0.5552	TRUE	0.0877
LOC126284380	4	12	18	15	20	0	1	0	3	2	5	16	13	10	18	0	1	0	4	2	6.8	12	1	0.192	-2.38	-4.112	3.92247028672914e-05	0.000778221049618154	0.0962	0.5838	0.3191	0.3191	TRUE	0.3246
LOC126284397	4	6	16	13	15	16	23	44	56	35	5	8	12	8	14	21	28	36	67	29	22.73	9	36	3.108	1.636	4.597	4.29151187215126e-06	0.000137866163351466	0.1202	0.2058	0.1475	0.1475	TRUE	0.7649
LOC126284402	74	48	202	141	22	2	1	22	19	21	96	63	145	91	20	3	1	18	23	17	47.63	83	12	0.209	-2.255	-4.479	7.51034753393172e-06	0.000215958602000748	0.6066	0.1214	0.3966	0.3966	TRUE	0.0952
LOC126284404	11	19	34	30	18	1	2	9	6	9	14	25	24	19	16	1	2	7	7	7	12.48	20	5	0.385	-1.378	-4.004	6.22555589608837e-05	0.00109928369299288	0.0064	0.3384	0.1449	0.1449	TRUE	0.1869
LOC126284427	20	17	28	40	36	5	10	9	7	9	26	22	20	26	33	7	12	7	8	7	16.85	25	8	0.419	-1.256	-4.365	1.27015441110455e-05	0.000334308813994623	0	0.2621	0.0815	0.0815	TRUE	0.1776
LOC126284428	551	502	1284	1653	1226	292	273	349	279	284	715	654	923	1063	1113	387	331	286	334	232	603.91	894	314	0.364	-1.458	-7.626	2.41389534959431e-14	7.73532764777498e-12	0.0432	0.0505	0.045	0.045	TRUE	0.0618
LOC126284446	58	30	273	112	110	164	333	476	591	422	75	39	196	72	100	217	404	390	707	345	254.67	96	413	3.784	1.92	5.341	9.22572283495489e-08	6.79628248841677e-06	0.2432	0.0588	0.1776	0.1776	TRUE	0.6114
LOC126284484	42	36	50	71	34	5	16	27	3	9	54	47	36	46	31	7	19	22	4	7	27.3	43	12	0.374	-1.419	-4.226	2.37766180647641e-05	0.000537288653088594	0.1625	0.1788	0.1692	0.1692	TRUE	0.6385
LOC126284552	184	306	456	402	369	406	596	1231	1066	1032	239	399	328	259	335	538	723	1010	1275	844	594.94	312	878	2.623	1.391	6.307	2.83854918807639e-10	4.38367752924858e-08	0.0698	0.0506	0.0653	0.0653	TRUE	0.1261
LOC126284563	0	5	4	3	2	17	19	8	15	7	0	7	3	2	2	23	23	7	18	6	8.9	3	15	2.972	1.572	3.647	0.000265256089381296	0.00328825198616001	0.3103	0.4569	0.3652	0.3652	TRUE	0.1554
LOC126284575	130	94	130	216	203	153	275	496	640	415	169	122	93	139	184	203	334	407	766	339	275.63	141	410	2.419	1.274	4.789	1.67984661147102e-06	6.68704157324084e-05	0.1472	0.0577	0.1186	0.1186	TRUE	0.523
LOC126284585	25	30	134	116	87	55	176	221	346	214	32	39	96	75	79	73	214	181	414	175	137.82	64	211	2.419	1.274	4.134	3.57195998012196e-05	0.000724452263057014	0.2614	0.071	0.1947	0.1947	TRUE	0.3034
LOC126284606	225	28	351	324	189	19	18	14	24	19	292	36	252	208	172	25	22	11	29	16	106.34	192	21	0.124	-3.017	-7.207	5.7101504481038e-13	1.3307765171599e-10	0.2899	0.0789	0.2143	0.2143	TRUE	0.1892
LOC126284622	43	56	24	79	241	210	365	257	633	608	56	73	17	51	219	278	443	211	757	497	260.24	83	437	3.067	1.617	3.79	0.000150868478822138	0.00211594091855289	0.473	0.0585	0.3133	0.473	TRUE	0.7169
LOC126284656	801	335	1043	1834	1350	88	141	158	232	150	1039	437	750	1180	1226	117	171	130	278	123	544.85	926	164	0.188	-2.409	-8.002	1.22746049154087e-15	5.42537537261065e-13	0.1438	0.0511	0.1139	0.1139	TRUE	0.2387
LOC126284661	389	73	322	470	148	329	473	1602	3257	1842	504	95	232	302	134	436	574	1314	3897	1507	899.54	253	1546	3.587	1.843	3.914	9.08870075949759e-05	0.0014580596537577	0.531	0.0485	0.3408	0.531	TRUE	0.5046
LOC126284684	7	53	30	89	12	51	41	186	298	247	9	69	22	57	11	68	50	153	357	202	99.63	34	166	3.093	1.629	3.885	0.000102159185889714	0.00159887233789299	0.5968	0.0812	0.4047	0.4047	TRUE	0.1906
LOC126284704	1621	579	2917	2744	1383	298	278	842	420	333	2102	755	2097	1765	1256	395	337	691	503	272	1017.27	1595	440	0.296	-1.756	-6.013	1.82358708219527e-09	2.16432770551657e-07	0.1447	0.048	0.1133	0.1133	TRUE	0.1664
LOC126284822	223	76	157	206	116	276	501	753	1201	837	289	99	113	133	105	366	608	618	1437	685	445.19	148	743	4.591	2.199	6.225	4.83041050911163e-10	6.87957798953254e-08	0.2252	0.0526	0.1646	0.1646	TRUE	0.5754
LOC126284854	7	9	15	18	12	569	355	11	9	18	9	12	11	12	11	754	431	9	11	15	127.32	11	244	5.883	2.556	3.947	7.92566510440628e-05	0.00132280176182656	1.51	0.0732	0.9354	1.51	TRUE	0.1514
LOC126284858	125	127	474	248	223	330	387	674	672	604	162	165	341	160	202	437	470	553	804	494	378.82	206	552	2.37	1.245	5.531	3.17563817219031e-08	2.71368867274236e-06	0.0842	0.0541	0.0754	0.0754	TRUE	1.5496
LOC126284913	12	81	37	239	268	3268	486	297	546	305	16	106	27	154	243	4329	590	244	653	250	661.03	109	1213	3.444	1.784	3.579	0.00034556390406591	0.00401705121041415	1.1283	0.0499	0.6785	1.1283	TRUE	4.8456
LOC126284930	20	14	47	28	15	5	2	5	5	10	26	18	34	18	14	7	2	4	6	8	13.69	22	5	0.338	-1.564	-4.211	2.54720769839032e-05	0.000561963997899607	0.078	0.3124	0.1527	0.1527	TRUE	0.2042
LOC126285161	5	30	20	28	49	100	112	31	76	108	6	39	14	18	44	132	136	25	91	88	59.56	24	94	2.579	1.367	3.877	0.000105579834922011	0.00161880660769178	0.3787	0.106	0.2784	0.2784	TRUE	0.2772
LOC126285233	537	478	1326	1346	1431	1101	1948	3043	3044	3189	696	623	953	866	1299	1459	2364	2496	3642	2609	1700.73	887	2514	2.584	1.369	5.87	4.35044275156695e-09	4.68604833525926e-07	0.0914	0.0466	0.0778	0.0778	TRUE	0.1429
LOC126285254	2742	7023	11680	6561	7489	7106	16164	47002	60943	38484	3556	9152	8397	4221	6800	9414	19619	38548	72916	31482	20410.49	6425	34396	4.705	2.234	5.61	2.02696123534113e-08	1.89646635873012e-06	0.3227	0.0446	0.2235	0.2235	TRUE	0.2197
LOC126285394	19	7	33	21	21	28	34	70	68	71	25	9	24	14	19	37	41	57	81	58	36.53	18	55	2.571	1.362	4.824	1.40548302949914e-06	5.81144563616774e-05	0.0742	0.1448	0.0981	0.0981	TRUE	0.1974
LOC126291601	24	29	50	103	49	13	13	18	10	17	31	38	36	66	44	17	16	15	12	14	28.93	43	15	0.398	-1.328	-4.86	1.1764414714843e-06	5.1820023304075e-05	0.0456	0.1712	0.079	0.079	TRUE	0.7952
LOC126291604	100	42	415	308	162	277	238	851	1242	714	130	55	298	198	147	367	289	698	1486	584	425.19	166	685	3.286	1.716	4.506	6.59167118998367e-06	0.000195131735134436	0.3574	0.053	0.2434	0.2434	TRUE	0.5057
LOC126291616	104	115	236	116	167	155	254	393	608	323	135	150	170	75	152	205	308	322	727	264	250.83	136	365	2.073	1.052	4.236	2.27272282479168e-05	0.000518358739647327	0.1657	0.059	0.1311	0.1311	TRUE	1.5054
LOC126291753	58	57	139	68	64	68	121	365	290	386	75	74	100	44	58	90	147	299	347	316	155.03	70	240	2.937	1.555	4.929	8.26209751311929e-07	3.85103876084229e-05	0.1852	0.0681	0.1467	0.1467	TRUE	0.098
LOC126291886	2	3	19	5	20	9	53	62	92	46	3	4	14	3	18	12	64	51	110	38	31.63	8	55	4.554	2.187	4.367	1.26210908456983e-05	0.00033287477872461	0.535	0.1604	0.3925	0.3925	TRUE	0.1683
LOC126291888	31	30	22	32	29	5	1	13	2	10	40	39	16	21	26	7	1	11	2	8	17.11	28	6	0.288	-1.798	-4.331	1.487197773981e-05	0.000376737175234951	0.176	0.2588	0.2084	0.2084	TRUE	0.1461
LOC126291919	3537	2561	6823	6168	7246	4105	15991	22913	31036	16767	4587	3337	4905	3968	6579	5438	19409	18792	37133	13716	11786.57	4675	18898	3.614	1.853	5.366	8.03247527626749e-08	6.02106830942671e-06	0.2233	0.0447	0.1692	0.1692	TRUE	0.2061
LOC126291976	4994	4435	7844	7558	8772	7101	21637	34218	47155	25728	6477	5779	5639	4863	7965	9407	26262	28063	56419	21047	17192.09	6145	28240	4.24	2.084	6.257	3.91599874046221e-10	5.76504489242488e-08	0.2067	0.0446	0.1484	0.1484	TRUE	0.2724
LOC126291995	47	45	26	70	29	35	48	220	394	208	61	59	19	45	26	46	58	180	471	170	113.63	42	185	2.959	1.565	3.955	7.64471598379539e-05	0.00128934170368802	0.4958	0.0767	0.3411	0.3411	TRUE	0.4807
LOC126292013	260	457	680	634	759	71	109	300	169	341	337	596	489	408	689	94	132	246	202	279	347.22	504	191	0.462	-1.115	-4.692	2.70946307627157e-06	9.89134860472552e-05	0.1251	0.055	0.1026	0.1026	TRUE	0.1749
LOC126292039	18	15	52	40	22	18	18	145	149	120	23	20	37	26	20	24	22	119	178	98	56.7	25	88	2.084	1.06	3.5	0.000464800151463377	0.00500656163147695	0.3912	0.1091	0.2937	0.2937	TRUE	0.103
LOC126292048	42	34	99	48	86	0	0	0	0	0	54	44	71	31	78	0	0	0	0	0	27.89	56	0	0.005	-7.579	-8.328	8.23509101163584e-17	5.0265426946261e-14	0.1259	0.1759	0.1478	0.1478	TRUE	0.0521
LOC126292113	0	0	0	2	4	22	41	32	46	92	0	0	0	1	4	29	50	26	55	75	24.04	1	47	30.379	4.925	7.463	8.4321779182187e-14	2.40185903457172e-11	0.2167	0.197	0.2065	0.2065	TRUE	0.5886
LOC126292127	12	2	56	27	17	13	64	108	152	88	16	3	40	17	15	17	78	89	182	72	52.86	18	88	2.95	1.561	3.85	0.000118149704136923	0.00176920900423724	0.5397	0.1138	0.3742	0.3742	TRUE	0.248
LOC126292134	98	87	223	228	231	154	245	467	587	522	127	113	160	147	210	204	297	383	702	427	277.1	151	403	2.177	1.122	4.663	3.11051085728451e-06	0.000109174952281619	0.1266	0.0576	0.1051	0.1051	TRUE	0.2983
LOC126292150	12	8	27	21	21	34	43	50	30	42	16	10	19	14	19	45	52	41	36	34	28.65	16	42	2.188	1.13	4.809	1.51906818234764e-06	6.14240251146119e-05	0	0.1725	0.0584	0.0584	TRUE	0.141
LOC126292204	7	11	18	25	19	29	50	57	50	46	9	14	13	16	17	38	61	47	60	38	31.3	14	49	3.178	1.668	5.932	2.99952334304495e-09	3.37262194834651e-07	0	0.1616	0.0638	0.0638	TRUE	0.0556
LOC126292309	71	62	163	163	108	119	169	276	240	316	92	81	117	105	98	158	205	226	287	259	162.78	99	227	2.076	1.053	6.139	8.28876819944999e-10	1.1067232372974e-07	0.0288	0.0669	0.0384	0.0384	TRUE	0.129
LOC126293182	20	37	80	94	123	14	6	5	2	5	26	48	58	60	112	19	7	4	2	4	34.02	61	7	0.141	-2.823	-5.933	2.97263233815186e-09	3.37196471773722e-07	0.3149	0.1522	0.2488	0.2488	TRUE	0.5548
LOC126293283	6	10	6	23	17	40	52	64	62	73	8	13	4	15	15	53	63	52	74	60	35.79	11	60	5.065	2.341	7.387	1.50672363475579e-13	4.02357990631243e-11	0.0257	0.1469	0.0808	0.0808	TRUE	0.6739
LOC126293287	871	667	1986	2614	2063	1581	3993	3489	5931	3541	1130	869	1428	1682	1873	2094	4846	2861	7096	2897	2677.68	1396	3959	2.33	1.22	4.678	2.89024947339834e-06	0.000104653157485932	0.1727	0.0458	0.1235	0.1235	TRUE	0.2671
LOC126293387	5	4	1	6	1	3	57	18	78	103	6	5	1	4	1	4	69	15	93	84	28.27	3	53	10.059	3.33	5.173	2.29956937837225e-07	1.46646170606843e-05	0.831	0.1742	0.5694	0.5694	TRUE	0.044
LOC126293406	59	21	91	52	81	85	150	161	328	173	77	27	65	33	74	113	182	132	392	142	123.7	55	192	2.839	1.505	4.599	4.25508523128975e-06	0.000137039403252945	0.2224	0.0741	0.1719	0.1719	TRUE	1.4937
LOC126293423	3	11	11	3	7	1	10	87	60	110	4	14	8	2	6	1	12	71	72	90	28.1	7	49	3.455	1.789	3.716	0.000202495393208177	0.00264855709198205	0.9194	0.175	0.6346	0.6346	TRUE	0.0621
LOC126293537	9	5	4	15	4	7	82	30	60	74	12	7	3	10	4	9	100	25	72	61	30.01	7	53	5.958	2.575	4.966	6.81770330238175e-07	3.41364534882536e-05	0.4509	0.1667	0.3496	0.3496	TRUE	0.0575
LOC126293648	345	272	820	771	977	985	1510	1082	1943	1120	447	354	590	496	887	1305	1833	887	2325	916	1004.05	555	1453	2.095	1.067	4.474	7.67240955280376e-06	0.000220011064089124	0.1461	0.048	0.1143	0.1143	TRUE	0.1438
LOC126293721	3	0	0	1	4	4	3	23	17	15	4	0	0	1	4	5	4	19	20	12	6.86	2	12	2.752	1.46	3.413	0.000642890486961047	0.00638803896268737	0.5653	0.5794	0.5718	0.5718	TRUE	0.1164
LOC126294962	431	369	723	1310	465	543	1061	1799	2331	2261	559	481	520	843	422	719	1288	1475	2789	1850	1094.58	565	1624	2.422	1.276	4.871	1.10847238864929e-06	4.93347190198145e-05	0.1522	0.0477	0.1162	0.1162	TRUE	0.187
LOC126294994	99	103	154	249	164	2307	8018	283	479	431	128	134	111	160	149	3056	9732	232	573	353	1462.82	136	2789	10.275	3.361	4.739	2.14828760660945e-06	8.14696761583432e-05	1.0096	0.0469	0.6125	1.0096	TRUE	0.6504
LOC126295220	13	8	20	22	16	2	3	2	5	3	17	10	14	14	15	3	4	2	6	2	8.67	14	3	0.327	-1.615	-4.029	5.61068524300158e-05	0.00102500173052098	0	0.4675	0.1466	0.1466	TRUE	0.2611
LOC126295269	23	23	47	43	23	35	90	153	125	121	30	30	34	28	21	46	109	125	150	99	67.18	29	106	3.496	1.806	6.191	5.99610207632267e-10	8.44593806750593e-08	0.0883	0.099	0.0915	0.0915	TRUE	0.1931
LOC126295285	548	335	1270	1299	829	751	2633	2928	2340	1957	711	437	913	836	753	995	3196	2401	2800	1601	1464.14	730	2199	2.667	1.415	5.323	1.02088481876011e-07	7.39305175529217e-06	0.1343	0.0469	0.1063	0.1063	TRUE	0.1017
LOC126295494	698	309	1164	1211	1022	640	1927	2510	3474	2303	905	403	837	779	928	848	2339	2059	4156	1884	1513.76	770	2257	2.335	1.223	4.468	7.88177940808963e-06	0.000224508107673095	0.1944	0.0468	0.1438	0.1438	TRUE	0.2468
LOC126297379	2	0	2	0	1	5	16	14	5	8	3	0	1	0	1	7	19	11	6	7	5.5	1	10	4.573	2.193	3.88	0.000104514978482165	0.00161212153331456	0.1739	0.7116	0.3922	0.3922	TRUE	0.4193
LOC126297830	151	155	292	327	273	100	60	111	59	136	196	202	210	210	248	132	73	91	71	111	154.42	213	96	0.499	-1.004	-5.94	2.84557844012181e-09	3.28600220229562e-07	0.0253	0.0682	0.0378	0.0378	TRUE	0.3969
LOC126297995	81	93	119	154	176	154	200	380	488	309	105	121	86	99	160	204	243	312	584	253	216.57	114	319	2.389	1.256	5.006	5.5521463098502e-07	2.85812897187389e-05	0.1164	0.0613	0.0997	0.0997	TRUE	1.2156
LOC126298650	39	121	96	105	53	119	261	221	185	217	51	158	69	68	48	158	317	181	221	178	144.75	79	211	2.108	1.076	4.32	1.55810615339788e-05	0.000390837664858201	0.1495	0.0697	0.1232	0.1232	TRUE	1.9795
LOC126298731	32	32	58	52	22	78	83	93	125	82	41	42	42	33	20	103	101	76	150	67	67.53	36	99	2.403	1.265	5.099	3.4139911622936e-07	1.98011487413029e-05	0.0753	0.0987	0.0823	0.0823	TRUE	0.2762
LOC126298865	105	84	130	145	87	222	200	274	209	202	136	109	93	93	79	294	243	225	250	165	168.82	102	235	2.073	1.051	5.899	3.64607974536926e-09	3.99944321677151e-07	0.0354	0.0661	0.0434	0.0434	TRUE	0.2085
LOC126298975	4	3	9	7	8	249	243	6	3	4	5	4	6	5	7	330	295	5	4	3	66.39	5	127	4.067	2.024	3.669	0.000243878473803118	0.00306173778374962	1.7447	0.0997	1.1024	1.7447	TRUE	0.0497
LOC126299213	11	12	18	27	11	5	4	4	0	3	14	16	13	17	10	7	5	3	0	2	8.74	14	3	0.393	-1.349	-3.705	0.000211397328885302	0.00273575929577494	0	0.4641	0.1845	0.1845	TRUE	0.3461
LOC126299386	26	86	163	50	177	23	20	26	16	24	34	112	117	32	161	30	24	21	19	20	57.07	91	23	0.315	-1.667	-4.491	7.09957495030934e-06	0.000205938285259778	0.2559	0.1087	0.2085	0.2085	TRUE	0.0702
LOC126299485	23	16	27	28	35	40	39	81	99	93	30	21	19	18	32	53	47	66	118	76	48.12	24	72	2.631	1.396	5.048	4.45647219591079e-07	2.40012859694053e-05	0.083	0.1206	0.0942	0.0942	TRUE	0.4073
LOC126301017	2	0	2	1	2	4	5	8	10	7	3	0	1	1	2	5	6	7	12	6	4.21	1	7	2.065	1.046	3.136	0.00171471997992391	0.01312552823197	0	0.9157	0.3156	0.3156	TRUE	0.333
LOC126302203	9	4	13	3	10	249	8	14	207	6	12	5	9	2	9	330	10	11	248	5	64.09	7	121	3.588	1.843	3.58	0.000343594583699481	0.00401705121041415	1.4475	0.1016	0.9278	1.4475	TRUE	0.0808
LOC126305061	150	209	357	341	210	0	0	1	1	0	195	272	257	219	191	0	0	1	1	0	113.56	227	0	0.003	-8.634	-9.795	1.18798102997472e-22	1.90344260527699e-19	0	0.0767	0.0412	0.0412	TRUE	0.1646
LOC126306808	8	2	37	35	35	20	27	201	223	109	10	3	27	23	32	26	33	165	267	89	67.4	19	116	3.983	1.994	4.124	3.72172045790089e-05	0.000744227969256998	0.6791	0.0988	0.4508	0.4508	TRUE	0.1426
LOC126317678	1	1	2	1	0	1	2	32	27	18	1	1	1	1	0	1	2	26	32	15	8.17	1	15	5.892	2.559	4.004	6.22794969804505e-05	0.00109928369299288	0	0.4934	0.7105	0.7105	TRUE	0.0431
LOC126319999	131	134	262	318	213	67	53	82	51	109	170	175	188	205	193	89	64	67	61	89	130.14	186	74	0.416	-1.267	-7.969	1.60270443615207e-15	6.84782182086574e-13	0.0049	0.0726	0.0238	0.0238	TRUE	0.1421
LOC126320178	25	25	113	79	52	76	113	220	289	165	32	33	81	51	47	101	137	180	346	135	114.33	49	180	3.203	1.679	5.133	2.85236380063429e-07	1.74935881323112e-05	0.1798	0.0765	0.1459	0.1459	TRUE	0.7752
LOC126320530	2	3	24	42	16	2	1	4	2	0	3	4	17	27	15	3	1	3	2	0	7.48	13	2	0.396	-1.338	-3.341	0.000835535596899846	0.00770180840539359	0.5515	0.5346	0.5452	0.5452	TRUE	0.0916
LOC126322561	671	536	1440	1390	1116	1079	1459	2301	3368	2230	870	698	1035	894	1013	1429	1771	1887	4030	1824	1545.29	902	2188	2.029	1.021	4.831	1.35761975497419e-06	5.74322442879839e-05	0.0987	0.0468	0.0832	0.0832	TRUE	2.584
LOC126322885	209	198	775	670	601	455	655	1615	2009	1179	271	258	557	431	546	603	795	1325	2404	964	815.35	413	1218	2.308	1.207	4.363	1.28545452593542e-05	0.000336952067759514	0.2063	0.0489	0.152	0.152	TRUE	0.4912
LOC126322901	11	10	60	33	19	89	39	100	45	82	14	13	43	21	17	118	47	82	54	67	47.71	22	74	2.656	1.409	4.511	6.45761913322391e-06	0.000191605930670519	0.1593	0.1213	0.1468	0.1468	TRUE	0.6468
LOC126323118	0	0	0	0	0	0	1	6	5	33	0	0	0	0	0	0	1	5	6	27	3.91	0	8	3.132	1.647	3.536	0.00040696496477425	0.00454396944118147	3.3678	0.9825	1.8668	1.8668	TRUE	0.9443
LOC126323134	0	1	0	0	0	0	2	18	10	60	0	1	0	0	0	0	2	15	12	49	7.95	0	16	10.507	3.393	4.249	2.14531789747338e-05	0.000496366151801692	2.4289	0.5057	1.3169	1.3169	TRUE	0.4367
LOC126323151	9	8	26	14	18	8	26	107	189	214	12	10	19	9	16	11	32	88	226	175	59.72	13	106	5.972	2.578	4.885	1.03296005227984e-06	4.64578314039404e-05	0.5877	0.1058	0.4123	0.4123	TRUE	0.0631
LOC126324044	2	2	1	3	3	8	4	35	5	8	3	3	1	2	3	11	5	29	6	7	6.73	2	12	2.307	1.206	3.295	0.00098417127873387	0.0086821111154926	0.3434	0.5899	0.4152	0.4152	TRUE	1.9656
LOC126324532	24	23	37	42	35	34	64	94	149	93	31	30	27	27	32	45	78	77	178	76	60.07	29	91	2.596	1.376	4.763	1.90756882448498e-06	7.4094597552268e-05	0.1253	0.1055	0.1194	0.1194	TRUE	0.8331
LOC126324835	49	107	83	126	76	29	22	21	12	32	64	139	60	81	69	38	27	17	14	26	53.56	83	24	0.336	-1.576	-5.209	1.89621038086704e-07	1.25286725061617e-05	0.1062	0.1129	0.1084	0.1084	TRUE	1.2122
LOC126325538	1	0	1	2	1	0	0	26	9	33	1	0	1	1	1	0	0	21	11	27	6.33	1	12	2.095	1.067	3.1	0.00193809281725196	0.0143761437767979	1.6989	0.624	1.2076	1.2076	TRUE	0.0487
LOC126330717	10	9	14	6	16	19	25	60	44	59	13	12	10	4	15	25	30	49	53	48	25.88	11	41	3.5	1.807	5.1	3.39733802762694e-07	1.98011487413029e-05	0.0939	0.1862	0.1267	0.1267	TRUE	0.2573
LOC126331994	1	1	2	3	1	7	76	10	23	21	1	1	1	2	1	9	92	8	28	17	16.13	1	31	12.59	3.654	5.303	1.13948191898563e-07	8.06954654008719e-06	0.6107	0.2719	0.4986	0.4986	TRUE	1.024
LOC126332010	0	0	6	0	1	3	11	20	8	10	0	0	4	0	1	4	13	16	10	8	5.67	1	10	2.758	1.464	3.394	0.00068868718347384	0.00673862008989899	0.4535	0.6915	0.5819	0.5819	TRUE	0.9858
LOC126332098	508	263	162	1759	820	278	14951	2309	3088	2519	659	343	116	1132	745	368	18147	1894	3695	2061	2915.82	599	5233	2.745	1.457	3.391	0.000697149150306505	0.00680583229903182	1.0208	0.0457	0.6212	1.0208	TRUE	2.0082
LOC126332302	56	45	25	290	139	116	1565	909	661	274	73	59	18	187	126	154	1900	746	791	224	427.57	93	763	4.344	2.119	3.962	7.42635014295854e-05	0.00125747630293848	0.7028	0.053	0.442	0.7028	TRUE	0.2838
LOC126332318	21	9	11	80	36	27	448	288	171	75	27	12	8	51	33	36	544	236	205	61	121.27	26	216	4.306	2.106	3.951	7.79406257259267e-05	0.00131107997448153	0.6903	0.0747	0.4521	0.6903	TRUE	0.2553
LOC126334543	505	387	725	745	1004	986	1800	1380	2380	1607	655	504	521	479	912	1306	2185	1132	2848	1315	1185.63	614	1757	2.53	1.339	5.37	7.86040835071216e-08	5.94048686601179e-06	0.1157	0.0475	0.0946	0.0946	TRUE	0.2107
LOC126334545	178	179	131	90	311	1023	1654	943	1795	1236	231	233	94	58	282	1355	2008	773	2148	1011	819.35	180	1459	7.203	2.849	7.49	6.90512466573761e-14	2.01158836285056e-11	0.2762	0.0489	0.1929	0.1929	TRUE	0.0808
LOC126334681	27	2	60	84	26	42	58	143	195	157	35	3	43	54	24	56	70	117	233	128	76.35	32	121	2.319	1.213	3.646	0.000266722064715598	0.00330323036282563	0.4673	0.0925	0.3133	0.3133	TRUE	0.2993
LOC126334760	110	56	110	174	127	28	28	64	21	60	143	73	79	112	115	37	34	52	25	49	71.97	104	39	0.449	-1.154	-5.06	4.20288214563105e-07	2.27310309462864e-05	0.0614	0.0954	0.0717	0.0717	TRUE	0.1084
LOC126334817	5	10	14	16	4	12	33	59	16	27	6	13	10	10	4	16	40	48	19	22	18.91	9	29	2.26	1.176	3.8	0.000144646170249038	0.00205343345885726	0.1556	0.2384	0.1827	0.1827	TRUE	0.1185
LOC126334877	4063	760	1277	1576	202	76	238	98	352	281	5269	990	918	1014	183	101	289	80	421	230	949.6	1675	224	0.317	-1.659	-3.591	0.000329191278613728	0.00390339852846509	0.7814	0.0483	0.4829	0.7814	TRUE	1.662
LOC126334879	6871	30018	78480	48855	14286	45059	58609	150918	130360	109555	8911	39118	56423	31432	12971	59692	71136	123773	155970	89623	64904.93	29771	100039	2.458	1.297	4.093	4.25507615136271e-05	0.000832695665773544	0.2923	0.0445	0.2192	0.2192	TRUE	0.323
LOC126334880	5389	18995	53578	31810	9460	28239	32397	91562	73333	66168	6989	24753	38520	20466	8589	37410	39322	75093	87740	54130	39301.09	19863	58739	2.051	1.037	3.801	0.00014394659989008	0.00205096864300637	0.2818	0.0445	0.2033	0.2033	TRUE	0.3454
LOC126335045	13	39	49	33	60	59	52	134	149	174	17	51	35	21	54	78	63	110	178	142	75.04	36	114	2.567	1.36	4.479	7.50641425830396e-06	0.000215958602000748	0.1816	0.0933	0.1517	0.1517	TRUE	0.1026
LOC126335140	23	17	18	24	10	22	54	90	69	77	30	22	13	15	9	29	66	74	83	63	40.35	18	63	3.148	1.654	5.037	4.71773716495099e-07	2.51966479084757e-05	0.1229	0.1353	0.1271	0.1271	TRUE	0.4271
LOC126335148	167	155	446	479	372	2233	1726	7969	6325	5005	217	202	321	308	338	2958	2095	6536	7568	4094	2463.59	277	4650	15.408	3.946	12.663	9.50267617242886e-37	1.21805303178193e-32	0.1493	0.0459	0.122	0.122	TRUE	0.0484
LOC126335155	5	5	37	19	13	1	3	4	1	1	6	7	27	12	12	1	4	3	1	1	7.39	13	2	0.315	-1.667	-3.687	0.000226514908515801	0.00288902298244333	0.2312	0.541	0.3333	0.3333	TRUE	0.667
LOC126335267	40	48	70	132	150	15	13	48	19	48	52	63	50	85	136	20	16	39	23	39	52.29	77	27	0.492	-1.025	-3.972	7.11993545881775e-05	0.00122336907119472	0.1525	0.1146	0.1404	0.1404	TRUE	0.5134
LOC126335290	4	1	3	2	0	12	6	25	30	15	5	1	2	1	0	16	7	21	36	12	10.18	2	18	6.495	2.699	4.633	3.60279304676402e-06	0.000121208927226827	0.281	0.4049	0.3322	0.3322	TRUE	0.2868
LOC126335450	12	4	20	10	11	46	84	76	42	66	16	5	14	6	10	61	102	62	50	54	38.1	10	66	5.85	2.549	7.51	5.91956401651634e-14	1.76458073403969e-11	0.0753	0.1407	0.099	0.099	TRUE	0.7886
LOC126335513	93	121	257	258	198	35	27	52	50	46	121	158	185	166	180	46	33	43	60	38	102.81	162	44	0.276	-1.859	-9.003	2.19159366464407e-19	1.87278983956052e-16	0.0202	0.0801	0.0382	0.0382	TRUE	0.2968
LOC126335588	16	15	24	20	21	38	50	51	45	38	21	20	17	13	19	50	61	42	54	31	32.73	18	48	2.241	1.164	4.839	1.30303845164485e-06	5.60481438697438e-05	0	0.1565	0.0657	0.0657	TRUE	0.1755
LOC126335605	111	97	139	339	108	221	1174	819	921	934	144	126	100	218	98	293	1425	672	1102	764	494.19	137	851	5.654	2.499	7.268	3.64864346860761e-13	9.17025725110046e-11	0.2062	0.0518	0.1532	0.1532	TRUE	0.0696
LOC126335620	5	5	28	11	22	51	76	61	90	121	6	7	20	7	20	68	92	50	108	99	47.67	12	83	6.05	2.597	7.052	1.76121279383435e-12	3.76253759856145e-10	0.1492	0.1214	0.1383	0.1383	TRUE	0.2359
LOC126335646	6007	701	1653	1389	357	218	548	125	418	357	7790	914	1188	894	324	289	665	103	500	292	1295.86	2222	370	0.499	-1.003	-3.072	0.00212947893334767	0.015441870207904	0.8507	0.0472	0.5211	0.8507	TRUE	5.3013
LOC126335707	1	2	4	8	1	2	3	251	32	194	1	3	3	5	1	3	4	206	38	159	42.2	3	82	9.746	3.285	4.336	1.45070322857516e-05	0.000369684174629748	1.3869	0.1313	0.8901	1.3869	TRUE	0.0622
LOC126335709	123	78	368	853	192	308	1335	869	772	1061	160	102	265	549	174	408	1620	713	924	868	578.16	250	907	2.808	1.489	4.349	1.36911157804124e-05	0.000353815971922029	0.3129	0.0507	0.2163	0.2163	TRUE	0.5877
LOC126335724	251	247	686	543	336	485	1059	1236	1834	1307	326	322	493	349	305	643	1285	1014	2194	1069	800.01	359	1241	3.245	1.698	6.256	3.9579025630628e-10	5.76504489242488e-08	0.1176	0.049	0.0964	0.0964	TRUE	0.3539
LOC126335750	40	62	120	120	69	119	171	213	185	173	52	81	86	77	63	158	208	175	221	142	126.16	72	181	2.307	1.206	6.535	6.35399673972647e-11	1.04417346422838e-08	0.0269	0.0735	0.0394	0.0394	TRUE	0.0935
LOC126335786	228	139	221	280	192	47	29	130	76	114	296	181	159	180	174	62	35	107	91	93	137.85	198	78	0.484	-1.048	-4.624	3.76500405557071e-06	0.000124702382388386	0.101	0.071	0.0913	0.0913	TRUE	0.8277
LOC126335892	12	10	21	26	20	34	55	50	78	45	16	13	15	17	18	45	67	41	93	37	36.15	16	57	3.205	1.68	5.429	5.66123144796824e-08	4.53535404375355e-06	0.0783	0.1459	0.0971	0.0971	TRUE	0.2608
LOC126336094	102	60	131	190	175	49	17	58	24	60	132	78	94	122	159	65	21	48	29	49	79.67	117	42	0.435	-1.2	-4.743	2.10758340802501e-06	8.04017979882875e-05	0.1037	0.0904	0.0989	0.0989	TRUE	0.1792
LOC126336104	22	14	31	41	33	11	7	9	9	7	29	18	22	26	30	15	8	7	11	6	17.23	25	9	0.499	-1.004	-3.923	8.74398238527111e-05	0.00141515613907077	0	0.2573	0.0915	0.0915	TRUE	0.2505
LOC126336127	1	0	1	0	0	0	1	15	19	10	1	0	1	0	0	0	1	12	23	8	4.64	0	9	2.63	1.395	3.348	0.000814727326626174	0.007571558834605	1.5427	0.8344	1.1925	1.1925	TRUE	0.1298
LOC126336182	8	3	20	22	15	25	44	47	100	94	10	4	14	14	14	33	53	39	120	77	37.81	11	64	4.877	2.286	5.711	1.12188645364328e-08	1.12346410646872e-06	0.1939	0.1414	0.1759	0.1759	TRUE	0.2088
LOC126336205	0	0	6	4	4	14	33	23	38	26	0	0	4	3	4	19	40	19	45	21	15.47	2	29	9.109	3.187	5.967	2.4123781123749e-09	2.83686813251573e-07	0.1751	0.2815	0.2229	0.2229	TRUE	0.1276
LOC126336207	0	3	0	1	0	4	4	8	20	11	0	4	0	1	0	5	5	7	24	9	5.42	1	10	3.407	1.769	3.552	0.000382785532085889	0.00434207517723622	0.5569	0.7214	0.637	0.637	TRUE	1.7434
LOC126336208	0	0	0	0	1	1	32	8	0	3	0	0	0	0	1	1	39	7	0	2	5.01	0	10	2.66	1.412	3.405	0.000662213188631474	0.00651939220574365	3.0026	0.7769	1.8089	1.8089	TRUE	2.3859
LOC126336325	15	12	18	10	14	50	67	64	122	241	19	16	13	6	13	66	81	52	146	197	61.03	13	108	7.244	2.857	7.185	6.71105667398742e-13	1.53611293655662e-10	0.2108	0.1045	0.1756	0.1756	TRUE	0.1186
LOC126336332	1	1	12	7	13	7	20	17	59	34	1	1	9	5	12	9	24	14	71	28	17.34	6	29	2.592	1.374	3.53	0.000415102909395259	0.0045948092337033	0.5363	0.256	0.4313	0.4313	TRUE	0.5992
LOC126336366	108	79	149	257	137	119	126	567	624	483	140	103	107	165	124	158	153	465	747	395	255.72	128	384	2.22	1.15	4.093	4.25146586673552e-05	0.000832695665773544	0.2352	0.0587	0.1744	0.1744	TRUE	0.1763
LOC126336387	0	1	8	8	2	0	44	828	249	258	0	1	6	5	2	0	53	679	298	211	125.55	3	248	20.407	4.351	4.686	2.78886502612758e-06	0.000101268192365165	2.0911	0.0736	1.0137	2.0911	TRUE	0.1834
LOC126336408	1039	6597	8797	7303	2019	10350	9704	17344	29376	24481	1347	8597	6325	4699	1833	13711	11778	14224	35147	20027	11768.85	4560	18977	2.653	1.408	3.81	0.000138693484487871	0.00199974475159227	0.3499	0.0447	0.2418	0.3499	TRUE	0.6964
LOC126336415	2150	2611	9240	6699	2523	8991	8202	22898	14837	15628	2788	3403	6643	4310	2291	11911	9955	18779	17752	12785	9061.65	3887	14236	3.466	1.793	6.562	5.31952004338315e-11	8.97179051527437e-09	0.1334	0.0448	0.0977	0.0977	TRUE	0.2924
LOC126336416	5127	5448	12463	12345	9004	10429	13224	28955	29089	22896	6649	7100	8960	7942	8175	13816	16051	23747	34804	18730	14597.4	7765	21430	2.554	1.353	6.238	4.42070760685372e-10	6.36681237130909e-08	0.0826	0.0446	0.0661	0.0661	TRUE	0.3355
LOC126336417	13043	21496	47526	22178	8658	108959	130710	267305	268757	214279	16915	28012	34169	14269	7861	144343	158648	219226	321556	175294	112029.43	20245	203813	9.131	3.191	9.499	2.12189959413351e-21	2.71985089976034e-18	0.2002	0.0444	0.1477	0.1477	TRUE	0.4299
LOC126336548	9	12	10	42	7	6	178	105	61	64	12	16	7	27	6	8	216	86	73	52	50.33	14	87	4.286	2.1	4.229	2.34578212823416e-05	0.000531240906708577	0.625	0.1173	0.4386	0.4386	TRUE	0.3126
LOC126336549	38	18	30	25	61	133	58	112	235	186	49	23	22	16	55	176	70	92	281	152	93.75	33	154	4.079	2.028	5.211	1.876090978219e-07	1.24599658853943e-05	0.2663	0.0835	0.2015	0.2015	TRUE	0.1769
LOC126336554	3	2	10	10	11	6	28	13	55	33	4	3	7	6	10	8	34	11	66	27	17.55	6	29	2.691	1.428	3.674	0.000238659093297822	0.0030168957178417	0.3939	0.2535	0.3476	0.3476	TRUE	0.2356
LOC126336578	9	20	56	269	66	68	877	287	309	470	12	26	40	173	60	90	1064	235	370	384	245.51	62	429	2.842	1.507	3.496	0.000473159019251006	0.00505700164011364	0.7505	0.0593	0.4721	0.7505	TRUE	0.688
LOC126336593	32	32	32	55	51	158	111	79	180	93	41	42	23	35	46	209	135	65	215	76	88.82	37	140	3.297	1.721	5.189	2.11244255221838e-07	1.36753983001693e-05	0.1711	0.0857	0.1443	0.1443	TRUE	0.0402
LOC126336613	10	3	3	10	21	0	0	2	1	1	13	4	2	6	19	0	0	2	1	1	4.82	9	1	0.371	-1.429	-3.346	0.000819646034061052	0.00759120149175908	0	0.8058	0.5864	0.5864	TRUE	0.1135
LOC126336626	5	18	22	30	39	4	1	1	0	0	6	23	16	19	35	5	1	1	0	0	10.78	20	1	0.112	-3.163	-4.813	1.48988136893259e-06	6.06262043485212e-05	0.3837	0.3847	0.3842	0.3842	TRUE	0.576
LOC126336645	18	22	16	70	21	35	150	57	59	69	23	29	12	45	19	46	182	47	71	56	52.98	26	80	2.009	1.007	3.581	0.000341835156103349	0.00400150048487007	0.2856	0.1136	0.2291	0.2291	TRUE	2.8024
LOC126336680	5	0	7	5	1	31	10	42	28	19	6	0	5	3	1	41	12	34	34	16	15.23	3	27	6.538	2.709	5.162	2.44607235104298e-07	1.54451997023e-05	0.2534	0.2852	0.2677	0.2677	TRUE	0.0978
LOC126336703	46	15	50	53	77	70	80	117	160	137	60	20	36	34	70	93	97	96	191	112	80.85	44	118	2.064	1.045	4.206	2.59573611544883e-05	0.00057073254347997	0.1392	0.0898	0.1227	0.1227	TRUE	0.7148
LOC126336727	3	7	7	7	5	5	24	12	38	35	4	9	5	5	5	7	29	10	45	29	14.68	6	24	2.738	1.453	3.765	0.000166487094075782	0.00227770152469658	0.283	0.2944	0.2865	0.2865	TRUE	0.0956
LOC126336731	0	1	6	2	2	1	7	45	28	27	0	1	4	1	2	1	8	37	34	22	11.1	2	20	5.468	2.451	4.102	4.09077469848897e-05	0.000806700770542026	0.7228	0.3748	0.5823	0.5823	TRUE	0.1056
LOC126336779	7	15	31	36	7	42	25	189	101	148	9	20	22	23	6	56	30	155	121	121	56.33	16	97	5.088	2.347	5.471	4.48328675764926e-08	3.7343028830076e-06	0.2985	0.1095	0.2309	0.2309	TRUE	0.0684
LOC126336923	1759	961	1795	2733	1938	2283	3308	9354	7787	6321	2281	1252	1291	1758	1760	3024	4015	7672	9317	5171	3754.08	1668	5840	3.275	1.712	6.14	8.25832247135855e-10	1.1067232372974e-07	0.1308	0.0454	0.1037	0.1037	TRUE	0.0931
LOC126336987	1	1	10	2	2	6	14	23	21	23	1	1	7	1	2	8	17	19	25	19	10.06	2	18	4.396	2.136	4.288	1.80062108918235e-05	0.0004316211506411	0.1651	0.409	0.2701	0.2701	TRUE	1.0782
LOC126337000	10	6	11	19	14	24	28	75	30	29	13	8	8	12	13	32	34	62	36	24	24.05	11	38	2.968	1.569	4.836	1.32160969433425e-06	5.62803756211842e-05	0.0751	0.1969	0.1098	0.1098	TRUE	0.6832
LOC126337019	2	2	4	6	3	5	11	14	17	11	3	3	3	4	3	7	13	11	20	9	7.55	3	12	2.292	1.196	3.528	0.00041845464320363	0.0046148765379632	0	0.5307	0.1931	0.1931	TRUE	0.2232
LOC126337064	591	688	1093	1455	1075	2124	1688	1734	1852	2386	766	897	786	936	976	2814	2049	1422	2216	1952	1481.34	872	2091	2.238	1.162	7.053	1.74702245309123e-12	3.76253759856145e-10	0.0334	0.0469	0.0375	0.0375	TRUE	0.1445
LOC126339612	2418	1413	3904	6666	3783	2983	9264	7435	11636	8414	3136	1841	2807	4289	3435	3952	11244	6098	13922	6883	5760.62	3102	8420	2.174	1.12	4.491	7.10132018137165e-06	0.000205938285259778	0.1576	0.045	0.1234	0.1234	TRUE	0.1154
LOC126339755	1851	1104	3459	3766	2361	1939	6686	6177	8635	6384	2401	1439	2487	2423	2144	2569	8115	5066	10331	5223	4219.63	2179	6261	2.431	1.281	4.902	9.47889505193848e-07	4.33930274199098e-05	0.1347	0.0453	0.1156	0.1156	TRUE	0.1067
LOC126343175	6329	5978	15592	11861	7990	12333	16266	25441	41973	28813	8208	7790	11210	7631	7255	16338	19743	20865	50219	23571	17282.93	8419	26147	2.846	1.509	5.771	7.88756062940693e-09	8.21973594697057e-07	0.1553	0.0446	0.0963	0.0963	TRUE	1.9326
LOC126344463	4	5	7	8	13	9	14	63	39	36	5	7	5	5	12	12	17	52	47	29	19.04	7	31	3.608	1.851	4.416	1.00610876089297e-05	0.000274389406321831	0.212	0.2371	0.2201	0.2201	TRUE	0.0626
LOC126344538	9	7	23	15	15	87	100	118	132	143	12	9	17	10	14	115	121	97	158	117	66.89	12	122	9.311	3.219	12.199	3.16487583078192e-34	1.35224594663209e-30	0	0.0992	0.0461	0.0461	TRUE	0.2331
LOC126345116	45	35	89	88	68	101	223	215	302	263	58	46	64	57	62	134	271	176	361	215	144.36	57	231	3.855	1.947	7.527	5.18579921971603e-14	1.61551259039007e-11	0.077	0.0698	0.0749	0.0749	TRUE	0.1374
LOC126345132	0	1	2	0	2	2	8	11	9	8	0	1	1	0	2	3	10	9	11	7	4.33	1	8	2.882	1.527	3.446	0.000568390195387809	0.00583316695314727	0	0.8927	0.3976	0.3976	TRUE	0.2748
LOC126349798	67	87	172	183	150	333	358	477	353	430	87	113	124	118	136	441	435	391	422	352	261.88	116	408	3.46	1.791	12.299	9.21145416044153e-35	5.90362097142698e-31	0.0084	0.0584	0.0206	0.0206	TRUE	0.1696
LOC126350814	558	561	1101	1114	1403	2137	3311	2310	3832	2551	724	731	792	717	1274	2831	4019	1895	4585	2087	1965.28	848	3083	3.466	1.793	6.862	6.7804872475417e-12	1.27812184616161e-09	0.1129	0.0463	0.0878	0.0878	TRUE	0.0807
LOC126353281	5	51	32	112	5	1	2	5	3	10	6	66	23	72	5	1	2	4	4	8	19.22	34	4	0.223	-2.166	-3.986	6.72094286667611e-05	0.001170869444949	0.7632	0.2353	0.579	0.579	TRUE	0.0436
LOC126353933	492	521	867	802	1048	868	1655	1606	2221	1872	638	679	623	516	952	1150	2009	1317	2657	1531	1207.24	682	1733	2.236	1.161	5.453	4.93936680580145e-08	4.05851305876686e-06	0.0821	0.0474	0.0722	0.0722	TRUE	0.2257
LOC126353959	104	194	1188	905	282	17	32	45	36	11	135	253	854	582	256	23	39	37	43	9	223.04	416	30	0.087	-3.524	-7.835	4.67819807981545e-15	1.7132897996307e-12	0.3892	0.0608	0.2631	0.2631	TRUE	0.1237
LOC126353960	22	49	60	51	54	2	1	2	0	2	29	64	43	33	49	3	1	2	0	2	22.45	44	2	0.045	-4.466	-7.686	1.51340815509789e-14	5.10496466632755e-12	0	0.2078	0.1192	0.1192	TRUE	0.112
LOC126353961	67	149	809	623	287	9	15	24	17	30	87	194	582	401	261	12	18	20	20	25	161.88	305	19	0.073	-3.784	-9.298	1.42683751170241e-20	1.52410026875013e-17	0.2617	0.0671	0.1929	0.1929	TRUE	0.0893
LOC126353962	536	796	2272	2479	1046	7	11	68	50	58	695	1037	1633	1595	950	9	13	56	60	47	609.62	1182	37	0.036	-4.795	-11.885	1.42334653116732e-32	3.64889116730054e-29	0.308	0.0504	0.1962	0.1962	TRUE	0.117
LOC126353964	104	95	175	216	228	24	15	77	24	30	135	124	126	139	207	32	18	63	29	25	89.69	146	33	0.245	-2.027	-6.685	2.30301740395466e-11	3.98919960593119e-09	0.1098	0.0853	0.1015	0.1015	TRUE	2.0279
LOC126354195	0	0	1	37	4	363	5	468	594	319	0	0	1	24	4	481	6	384	711	261	187.06	6	369	10.991	3.458	4.274	1.91983996374014e-05	0.000455713123244835	2.2831	0.064	1.0678	2.2831	TRUE	0.631
LOC126354199	4000	4587	6532	7990	7382	4092	9236	20405	23717	15346	5187	5978	4696	5141	6703	5421	11210	16735	28376	12554	10200.05	5541	14859	2.087	1.061	4.29	1.78951501176437e-05	0.0004316211506411	0.1766	0.0448	0.1321	0.1321	TRUE	0.2679
LOC126354210	302	558	532	988	393	584	1795	2069	876	1747	392	727	382	636	357	774	2179	1697	1048	1429	962.02	499	1425	2.473	1.306	5.117	3.10503817949846e-07	1.877376386076e-05	0.131	0.0482	0.104	0.104	TRUE	0.1097
LOC126354224	0	3	3	3	2	0	0	316	144	189	0	4	2	2	2	0	0	259	172	155	59.59	2	117	3.122	1.643	3.559	0.000372083863774496	0.00424699106488111	3.0513	0.106	1.4093	3.0513	TRUE	0.0474
LOC126354284	19	22	99	43	39	45	61	301	266	280	25	29	71	28	35	60	74	247	318	229	111.54	38	186	4.156	2.055	4.984	6.21736048918097e-07	3.13756404528826e-05	0.3289	0.0773	0.2399	0.2399	TRUE	0.081
LOC126354285	4	3	1	6	0	34	49	15	12	19	5	4	1	4	0	45	59	12	14	16	16.04	3	29	7.443	2.896	4.866	1.1371089107154e-06	5.03269773393792e-05	0.5231	0.2731	0.417	0.417	TRUE	0.1037
LOC126354289	1	3	7	6	7	11	11	38	27	38	1	4	5	4	6	15	13	31	32	31	14.29	4	24	4.873	2.285	5.124	2.99715327856956e-07	1.82940527260498e-05	0.0922	0.3011	0.1662	0.1662	TRUE	0.0669
LOC126354299	4	4	8	16	25	1	152	231	203	140	5	5	6	10	23	1	184	189	243	115	78.18	10	146	6.793	2.764	4.239	2.24588237213278e-05	0.00051315009351155	0.9591	0.0913	0.5908	0.9591	TRUE	0.2553
LOC126354312	8	2	7	11	4	13	28	20	27	10	10	3	5	7	4	17	34	16	32	8	13.68	6	21	2.239	1.163	3.578	0.00034567073530089	0.00401705121041415	0.193	0.3126	0.2322	0.2322	TRUE	0.0767
LOC126354320	6	5	16	26	25	10	16	81	100	51	8	7	12	17	23	13	19	66	120	42	32.57	13	52	2.209	1.144	3.477	0.000506371470664056	0.00531151351143361	0.439	0.157	0.3425	0.3425	TRUE	0.2273
LOC126354323	893	447	5584	5016	4446	2341	3485	17999	22375	12142	1158	583	4015	3227	4037	3101	4230	14762	26771	9933	7181.56	2604	11759	2.12	1.084	3.276	0.00105248425669951	0.00912153022472906	0.5292	0.0449	0.3775	0.5292	TRUE	0.2155
LOC126354416	357	371	1036	914	714	968	1627	1788	1777	1723	463	483	745	588	648	1282	1975	1466	2126	1410	1118.68	585	1652	2.71	1.438	7.67	1.72176822228149e-14	5.6588782238985e-12	0.0441	0.0477	0.0444	0.0444	TRUE	0.0919
LOC126354427	1	1	3	2	3	3	5	18	18	18	1	1	2	1	3	4	6	15	22	15	6.98	2	12	3.828	1.937	3.904	9.47948961363908e-05	0.00151059689482383	0	0.5698	0.3115	0.3115	TRUE	0.0655
LOC126354441	1	1	2	9	4	36	42	42	19	31	1	1	1	6	4	48	51	34	23	25	19.47	3	36	9.892	3.306	6.867	6.57350188792023e-12	1.25759921193077e-09	0.1122	0.2329	0.1623	0.1623	TRUE	0.248
LOC126354459	436	604	948	729	1050	75	335	177	195	159	565	787	682	469	953	99	407	145	233	130	447.1	691	203	0.335	-1.576	-5.087	3.62961486572641e-07	2.06775125995027e-05	0.1889	0.0526	0.1421	0.1421	TRUE	0.7296
LOC126354476	2861	1502	4730	3012	2367	5676	3535	9061	12344	8247	3710	1957	3401	1938	2149	7519	4291	7431	14769	6747	5391.2	2631	8151	2.74	1.454	5.273	1.34206387417295e-07	9.29868904818856e-06	0.1684	0.0451	0.1147	0.1147	TRUE	0.5381
LOC126354515	0	1	0	1	0	156	204	85	111	72	0	1	0	1	0	207	248	70	133	59	71.76	0	143	256.016	8	8.614	7.04057494967459e-18	5.01367165027383e-15	0	0.0955	0.2254	0.2254	TRUE	0.1642
LOC126354521	6	7	12	12	30	8	8	92	164	64	8	9	9	8	27	11	10	75	196	52	40.48	12	69	2.756	1.463	3.55	0.000385010544481455	0.00435575036113264	0.7846	0.135	0.5514	0.5514	TRUE	0.4094
LOC126354564	5	4	5	16	32	43	77	40	77	77	6	5	4	10	29	57	93	33	92	63	39.3	11	68	5.038	2.333	5.111	3.20195648219615e-07	1.91788215835469e-05	0.3415	0.1378	0.2629	0.2629	TRUE	0.8086
LOC126354567	4	8	12	9	18	19	31	40	41	30	5	10	9	6	16	25	38	33	49	25	21.56	9	34	3.034	1.601	4.708	2.49767864791091e-06	9.25296095633586e-05	0.0722	0.2146	0.1222	0.1222	TRUE	0.4126
LOC126354626	42	51	101	144	125	53	246	321	388	349	54	66	73	93	113	70	299	263	464	286	178.15	80	276	2.851	1.511	4.669	3.03048247802743e-06	0.000107575942815116	0.2215	0.065	0.1678	0.1678	TRUE	0.1313
LOC126354677	29	49	58	22	65	86	135	225	220	188	38	64	42	14	59	114	164	185	263	154	109.57	43	176	3.753	1.908	5.752	8.81614056672448e-09	8.96867379240273e-07	0.167	0.0779	0.1364	0.1364	TRUE	0.4228
LOC126354701	467	359	1865	1336	602	1963	1066	4289	4710	3608	606	468	1341	860	547	2600	1294	3518	5635	2952	1981.92	764	3200	3.809	1.929	5.691	1.26652533773776e-08	1.25847455652113e-06	0.2296	0.0462	0.1574	0.1574	TRUE	0.168
LOC126354789	98	37	83	68	58	218	181	494	400	312	127	48	60	44	53	289	220	405	479	255	197.88	66	330	4.692	2.23	7.256	3.98104443855353e-13	9.81327454103446e-11	0.1402	0.0629	0.1144	0.1144	TRUE	0.3711
LOC126354935	4	3	22	12	10	26	16	49	54	76	5	4	16	8	9	34	19	40	65	62	26.25	8	44	4.391	2.135	5.194	2.05676122985612e-07	1.34901891884887e-05	0.1783	0.1841	0.1804	0.1804	TRUE	0.1687
LOC126354936	96	91	134	78	138	129	398	582	977	949	124	119	96	50	125	171	483	477	1169	776	359.15	103	615	5.345	2.418	6.325	2.53838044169583e-10	3.96792201239721e-08	0.2728	0.0546	0.1948	0.1948	TRUE	0.1218
LOC126354940	0	3	3	2	1	16	36	7	6	3	0	4	2	1	1	21	44	6	7	2	8.85	2	16	3.527	1.818	3.629	0.000284001407270184	0.00348023904243712	0.7712	0.4589	0.6621	0.6621	TRUE	0.2931
LOC126354941	5	36	39	19	15	62	183	212	200	223	6	47	28	12	14	82	222	174	239	182	100.71	21	180	7.352	2.878	7.104	1.21302133810883e-12	2.68077715722051e-10	0.2824	0.0808	0.2006	0.2006	TRUE	0.8036
LOC126355038	735	635	1157	1881	944	2423	1001	4122	2519	3141	953	827	832	1210	857	3210	1215	3381	3014	2570	1806.87	936	2678	2.638	1.399	6.052	1.4324624149402e-09	1.7655099264138e-07	0.0863	0.0464	0.0747	0.0747	TRUE	0.5984
LOC126355048	1	1	0	0	2	9	9	25	39	15	1	1	0	0	2	12	11	21	47	12	10.67	1	21	14.013	3.809	5.189	2.11213791790636e-07	1.36753983001693e-05	0	0.3883	0.3784	0.3784	TRUE	0.9357
LOC126355128	301	217	538	895	736	125	80	160	151	226	390	283	387	576	668	166	97	131	181	185	306.35	461	152	0.354	-1.497	-6.102	1.04558979620496e-09	1.36758877630154e-07	0.0874	0.0564	0.0782	0.0782	TRUE	0.0997
LOC126355159	2	2	7	5	0	18	25	14	6	6	3	3	5	3	0	24	30	11	7	5	9.12	3	15	2.482	1.311	3.407	0.000655763982723145	0.00647081041612415	0.4212	0.4467	0.4306	0.4306	TRUE	0.0863
LOC126355296	17	12	16	35	17	52	29	42	83	50	22	16	12	23	15	69	35	34	99	41	36.59	18	56	2.497	1.32	4.378	1.19642429923921e-05	0.000320162143374701	0.1354	0.1447	0.1382	0.1382	TRUE	0.2674
LOC126355394	2	777	12	1650	1309	1	2	22	10	17	3	1013	9	1062	1189	1	2	18	12	14	332.15	655	9	0.055	-4.174	-4.668	3.03810979084662e-06	0.000107575942815116	1.9895	0.0554	1.1392	1.9895	TRUE	0.0325
LOC126355467	13	16	48	38	37	97	54	158	71	115	17	21	35	24	34	129	66	130	85	94	63.29	26	101	3.607	1.851	6.767	1.31627544500147e-11	2.34333592417067e-09	0.0613	0.1024	0.0741	0.0741	TRUE	0.0708
LOC126355489	17	13	48	49	37	3	3	4	1	1	22	17	35	32	34	4	4	3	1	1	15.15	28	3	0.112	-3.154	-6.366	1.93496709794143e-10	3.10030103267666e-08	0	0.2865	0.1357	0.1357	TRUE	0.1755
LOC126355526	0	0	0	0	2	1	2	40	11	7	0	0	0	0	2	1	2	33	13	6	5.73	0	11	4.235	2.082	3.699	0.000216667686792427	0.00278560321896222	1.4241	0.6852	1.0686	1.0686	TRUE	0.5112
LOC126355645	16	16	15	21	34	50	53	88	140	122	21	21	11	14	31	66	64	72	168	100	56.68	20	94	4.493	2.168	6.185	6.21680183804816e-10	8.66162673479362e-08	0.1496	0.1091	0.1353	0.1353	TRUE	0.6178
LOC126355696	0	1	0	1	4	7	4	13	81	28	0	1	0	1	4	9	5	11	97	23	15.02	1	29	11.041	3.465	4.616	3.91091506863194e-06	0.00012820999833689	1.2202	0.2887	0.8082	0.8082	TRUE	1.7492
LOC126355766	58	44	118	127	93	161	111	192	220	170	75	57	85	82	84	213	135	157	263	139	129.13	77	181	2.04	1.028	5.304	1.13546214740278e-07	8.06954654008719e-06	0.0492	0.0728	0.0555	0.0555	TRUE	0.2107
LOC126355792	0	1	3	3	1	0	3	43	11	22	0	1	2	2	1	0	4	35	13	18	7.64	1	14	2.854	1.513	3.405	0.000661033239640753	0.00651277791369345	1.0191	0.5249	0.814	0.814	TRUE	0.1439
LOC126355798	1890	1448	6286	5038	3208	3920	3796	12591	12719	9318	2451	1887	4519	3241	2913	5193	4607	10326	15218	7623	5797.86	3002	8593	2.342	1.228	4.644	3.4126248406443e-06	0.000116029244581906	0.1814	0.045	0.1279	0.1279	TRUE	0.2205
LOC126355817	31	26	129	113	51	104	72	443	258	354	40	34	93	73	46	138	87	363	309	290	147.26	57	237	3.618	1.855	5.159	2.48588773928967e-07	1.54680140981626e-05	0.2351	0.0693	0.178	0.178	TRUE	0.0739
LOC126355835	3	3	4	6	12	16	18	25	28	11	4	4	3	4	11	21	22	21	34	9	13.15	5	21	2.735	1.452	3.894	9.8762143968591e-05	0.00155903098693276	0.1602	0.3235	0.2152	0.2152	TRUE	0.3277
LOC126355844	1	0	0	0	2	3	2	24	11	4	1	0	0	0	2	4	2	20	13	3	4.56	1	8	2.792	1.481	3.374	0.000740525080273919	0.00711015017149895	0.7326	0.8485	0.7811	0.7811	TRUE	0.2048
LOC126355859	7	0	4	5	6	42	11	31	16	33	9	0	3	3	5	56	13	25	19	27	16.12	4	28	5.32	2.411	4.821	1.42646076227416e-06	5.87921995203542e-05	0.2649	0.272	0.2679	0.2679	TRUE	0.448
LOC126355874	1	0	0	0	2	14	4	19	5	5	1	0	0	0	2	19	5	16	6	4	5.22	1	10	4.955	2.309	3.839	0.000123392882357951	0.00182049435420103	0.4065	0.7477	0.5537	0.5537	TRUE	0.2212
LOC126355880	49	48	66	81	41	21	25	17	8	16	64	63	47	52	37	28	30	14	10	13	35.77	53	19	0.453	-1.141	-4.362	1.29151249478632e-05	0.000337849125676959	0.0771	0.147	0.1029	0.1029	TRUE	0.4222
LOC126355889	35	38	83	100	26	66	102	158	172	131	45	50	60	64	24	87	124	130	206	107	89.63	49	131	2.196	1.135	4.661	3.15294713113299e-06	0.000109821946540388	0.1037	0.0853	0.0979	0.0979	TRUE	0.5055
LOC126355911	21	18	52	54	65	54	87	109	130	106	27	23	37	35	59	72	106	89	156	87	69.06	36	102	2.332	1.222	4.894	9.86391571925474e-07	4.48492372824839e-05	0.0863	0.0975	0.0898	0.0898	TRUE	0.5862
LOC126355921	1211	915	4374	2781	1631	5256	4574	6624	9948	7506	1571	1192	3145	1789	1481	6963	5552	5433	11902	6140	4516.75	1836	7198	3.717	1.894	6.799	1.05662019592349e-11	1.93482252447818e-09	0.1262	0.0452	0.1006	0.1006	TRUE	1.6133
LOC126355923	324	108	598	642	453	89	136	196	137	116	420	141	430	413	411	118	165	161	164	95	251.77	363	141	0.47	-1.089	-4.676	2.92214275915845e-06	0.000104774160942437	0.116	0.059	0.0983	0.0983	TRUE	1.3285
LOC126356050	15	17	72	54	42	53	55	127	75	109	19	22	52	35	38	70	67	104	90	89	58.63	33	84	2.032	1.023	4.631	3.63767326856203e-06	0.000121743331478925	0.0605	0.107	0.0758	0.0758	TRUE	0.5279
LOC126356094	11	15	15	22	20	39	37	36	73	33	14	20	11	14	18	52	45	30	87	27	31.73	15	48	2.401	1.264	4.268	1.97328676932985e-05	0.000467534007565066	0.1269	0.16	0.1365	0.1365	TRUE	0.3686
LOC126356120	1	0	2	2	0	7	4	199	135	226	1	0	1	1	0	9	5	163	162	185	52.78	1	105	47.051	5.556	5.586	2.32583621068337e-08	2.12946918203853e-06	1.3032	0.1139	0.738	1.3032	TRUE	0.0345
LOC126356215	119	72	203	248	128	239	282	490	294	448	154	94	146	160	116	317	342	402	352	366	244.89	134	356	2.557	1.354	8.405	4.27652329192792e-17	2.7408237777966e-14	0.0175	0.0594	0.0284	0.0284	TRUE	0.2612
LOC126356271	4	2	2	10	2	39	57	2	6	9	5	3	1	6	2	52	69	2	7	7	15.45	3	27	2.681	1.423	3.388	0.000703779620662115	0.00685266971022603	0.9986	0.2819	0.7591	0.7591	TRUE	0.0941
LOC126356344	0	0	5	1	5	2	6	52	60	26	0	0	4	1	5	3	7	43	72	21	15.44	2	29	7.022	2.812	4.253	2.10844371554766e-05	0.00049101280447581	1.19	0.282	0.7753	0.7753	TRUE	0.1195
LOC126358175	1	5	10	19	5	375	41	27	19	121	1	7	7	12	5	497	50	22	23	99	72.22	6	138	10.111	3.338	4.643	3.43497446401738e-06	0.00011648016581951	1.0092	0.0952	0.6478	1.0092	TRUE	2.1507
LOC126358991	5	4	11	4	7	16	14	43	32	17	6	5	8	3	6	21	17	35	38	14	15.42	6	25	3.493	1.804	4.473	7.72176902909812e-06	0.000220932221908437	0.125	0.2824	0.1748	0.1748	TRUE	0.0756
LOC126359007	31	2	50	8	43	0	1	5	1	5	40	3	36	5	39	0	1	4	1	4	13.35	25	2	0.195	-2.356	-4.022	5.77035470524425e-05	0.00104914051931661	0.8263	0.3191	0.6256	0.6256	TRUE	0.044
LOC126359039	35	0	48	9	36	1	2	6	0	4	45	0	35	6	33	1	2	5	0	3	13.03	24	2	0.333	-1.588	-3.471	0.000519148330117319	0.00542776777768661	1.2331	0.3259	0.8207	0.8207	TRUE	0.0486
LOC126360492	364	257	2	509	2	0	1	0	5	0	472	335	1	327	2	0	1	0	6	0	114.49	227	1	0.111	-3.171	-4.137	3.52067216822701e-05	0.000717455895903557	3.3968	0.0764	1.5023	3.3968	TRUE	0.2655
LOC126362949	310	250	1901	1253	1432	1210	2172	3690	4329	2049	402	326	1367	806	1300	1603	2636	3026	5179	1676	1832.2	840	2824	2.527	1.338	4.204	2.62289669990444e-05	0.000573725083607085	0.2988	0.0464	0.2069	0.2069	TRUE	0.3587
LOC126364651	0	0	5	3	4	4	7	13	21	12	0	0	4	2	4	5	8	11	25	10	6.86	2	12	2.561	1.357	3.426	0.00061303458380897	0.00616304101589284	0.2587	0.5796	0.3928	0.3928	TRUE	0.7972
LOC126365833	1582	1975	3188	3789	2065	4525	2807	10868	6361	8675	2052	2574	2292	2438	1875	5994	3407	8913	7611	7097	4425.21	2246	6604	2.793	1.482	6.833	8.29421365952065e-12	1.54080044474979e-09	0.0684	0.0452	0.062	0.062	TRUE	0.2152
LOC126365875	18	25	19	16	7	9	19	225	88	103	23	33	14	10	6	12	23	185	105	84	49.53	17	82	2.653	1.407	3.618	0.000297020454889189	0.00359849545441363	0.6215	0.1185	0.4389	0.4389	TRUE	0.1409
LOC126365881	0	1	1	1	3	1	1	103	19	45	0	1	1	1	3	1	1	84	23	37	15.19	1	29	9.584	3.261	4.376	1.20908909968275e-05	0.00032287716832778	1.4439	0.2859	0.9746	0.9746	TRUE	0.2084
LOC126365913	129	79	249	243	139	230	216	397	528	321	167	103	179	156	126	305	262	326	632	263	251.86	146	358	2.016	1.012	4.717	2.39466270903906e-06	8.94891737739437e-05	0.0947	0.059	0.0842	0.0842	TRUE	2.1191
LOC126365968	69	69	68	62	89	91	115	193	261	332	89	90	49	40	81	121	140	158	312	272	135.13	70	201	2.375	1.248	4.648	3.34468596742789e-06	0.000114325825947975	0.1445	0.0715	0.1214	0.1214	TRUE	0.1013
