Id	SPICE_S_Iso_SRR11815240	SPICE_S_Iso_SRR11815251	SPICE_S_Iso_SRR11815261	SPICE_S_Iso_SRR11815273	SPICE_S_Iso_SRR11815274	SPICE_G_Crd_SRR11815268	SPICE_G_Crd_SRR11815269	SPICE_G_Crd_SRR11815270	SPICE_G_Crd_SRR11815271	SPICE_G_Crd_SRR11815272	norm.SPICE_S_Iso_SRR11815240	norm.SPICE_S_Iso_SRR11815251	norm.SPICE_S_Iso_SRR11815261	norm.SPICE_S_Iso_SRR11815273	norm.SPICE_S_Iso_SRR11815274	norm.SPICE_G_Crd_SRR11815268	norm.SPICE_G_Crd_SRR11815269	norm.SPICE_G_Crd_SRR11815270	norm.SPICE_G_Crd_SRR11815271	norm.SPICE_G_Crd_SRR11815272	baseMean	Isolated	Crowded	FC	log2FoldChange	pvalue	padj	tagwise.dispersion	trended.dispersion
LOC124798525	5	2	2	3	4	289	258	105	278	156	6	2	1	2	4	373	284	94	214	364	134.42	3	266	84.983	6.409	4.94401771156464e-31	5.46412837482124e-27	0.1917	0.1853
LOC124712031	8	3	15	1	2	264	190	222	267	144	9	3	11	1	2	340	209	198	206	336	131.6	5	258	47.932	5.583	1.03589520937501e-26	3.81623795133755e-23	0.1929	0.1872
LOC124804691	0	0	0	1	2	78	99	140	90	204	0	0	0	1	2	101	109	125	69	476	88.3	1	176	260.935	8.028	1.51929403152051e-22	2.09890470454559e-19	0.3414	0.226
LOC124805172	0	0	0	0	0	21	19	60	87	18	0	0	0	0	0	27	21	54	67	42	21.07	0	42	340.157	8.41	1.83667485223617e-21	2.25543671854601e-18	0.2315	0.2463
LOC124798514	10	8	13	14	19	107	116	167	207	84	11	9	9	11	17	138	127	149	160	196	82.9	11	154	12.992	3.7	4.55600914025854e-20	3.87330869370287e-17	0.1352	0.229
LOC124805215	126	53	128	142	137	1090	854	2320	3372	3785	144	62	93	113	124	1406	938	2074	2599	8840	1639.31	107	3171	29.556	4.885	2.99704834893632e-17	1.8401876862469e-14	0.2878	0.1737
LOC124803056	0	2	1	2	0	29	37	21	73	23	0	2	1	2	0	37	41	19	56	54	21.15	1	41	39.598	5.307	6.57007375685024e-17	3.8217081663531e-14	0.2093	0.2459
LOC124804688	129	22	79	113	81	1083	746	1780	2305	3292	147	26	58	90	73	1397	820	1591	1777	7689	1366.68	79	2655	33.667	5.073	8.65924716238721e-16	4.78509998193517e-13	0.3359	0.1687
LOC124804687	91	63	83	72	116	368	484	1123	1904	1455	104	73	60	57	105	475	532	1004	1468	3398	727.6	80	1375	17.176	4.102	1.48079801430909e-15	7.79322840673526e-13	0.2436	0.1464
LOC124804689	115	43	64	89	95	705	609	1022	1344	2677	131	50	47	71	86	909	669	914	1036	6252	1016.51	77	1956	25.392	4.666	5.11769325721655e-14	2.45916286429379e-11	0.3369	0.1594
LOC124804802	113	57	119	88	86	418	236	564	542	285	129	66	87	70	78	539	259	504	418	666	281.59	86	477	5.542	2.47	9.58076770200811e-14	4.41194352677473e-11	0.1136	0.1321
LOC124799270	6	7	2	15	3	42	211	87	136	121	7	8	1	12	3	54	232	78	105	283	78.24	6	150	23.794	4.573	2.12519986839399e-13	9.03373420980400e-11	0.3141	0.2339
LOC124805478	4	1	6	6	3	74	25	125	77	150	5	1	4	5	3	95	27	112	59	350	66.19	4	129	34.553	5.111	2.87944224105111e-13	1.17865169067026e-10	0.3714	0.2442
LOC124777333	11	24	59	35	19	141	172	177	249	89	13	28	43	28	17	182	189	158	192	208	105.74	26	186	7.121	2.832	3.58687872546615e-13	1.41579227406614e-10	0.1454	0.2078
LOC124802814	78	84	101	98	42	211	415	878	972	1099	89	98	74	78	38	272	456	785	749	2567	520.56	75	966	12.802	3.678	1.35848645713105e-12	5.17723873248702e-10	0.2577	0.1343
LOC124795391	24	23	20	32	18	137	117	176	319	431	27	27	15	26	16	177	129	157	246	1007	182.56	22	343	15.426	3.947	1.49757327247965e-12	5.51705993581505e-10	0.283	0.1583
LOC124802921	307	71	159	52	133	820	861	2435	3289	1998	351	83	116	41	120	1058	946	2177	2535	4667	1209.26	142	2277	16.025	4.002	2.48083051399747e-12	8.84456091635485e-10	0.3057	0.1651
LOC124789780	3	1	2	2	7	36	31	30	49	12	3	1	1	2	6	46	34	27	38	28	18.71	3	35	12.057	3.592	4.39315969511608e-12	1.51728752970072e-09	0.1757	0.2435
LOC124711568	7	16	10	13	6	37	77	85	177	74	8	19	7	10	5	48	85	76	136	173	56.73	10	104	10.385	3.376	2.84726908900361e-11	9.25529940343175e-09	0.2266	0.2491
LOC124717267	3	10	6	5	3	24	41	52	94	30	3	12	4	4	3	31	45	46	72	70	29.12	5	53	10.174	3.347	3.37392929729253e-11	1.06539047410506e-08	0.1987	0.2523
LOC124804690	6	0	0	4	7	29	121	331	171	1332	7	0	0	3	6	37	133	296	132	3111	372.54	3	742	220.215	7.783	4.5387953582666e-11	1.39341017498785e-08	0.9006	0.1285
LOC124798547	117	35	47	51	41	320	144	429	623	206	134	41	34	41	37	413	158	384	480	481	220.2	57	383	6.714	2.747	2.91332996553635e-10	8.70219534570481e-08	0.1933	0.1438
LOC124798603	2	4	1	3	6	18	19	29	65	35	2	5	1	2	5	23	21	26	50	82	21.73	3	40	12.677	3.664	6.32973403552705e-10	1.84095317264855e-07	0.259	0.246
LOC124777064	228	253	171	458	128	409	1494	1222	2493	1122	260	295	124	365	115	527	1642	1092	1922	2621	896.39	232	1561	6.724	2.749	8.18054465193985e-10	2.31824049982665e-07	0.2096	0.1548
LOC124804692	93	32	110	119	65	325	284	411	506	1201	106	37	80	95	59	419	312	367	390	2805	467.08	75	859	11.34	3.503	2.00129205686352e-09	5.5295699531139e-07	0.3328	0.1314
LOC124803027	211	79	43	64	175	384	329	1566	2009	1170	241	92	31	51	158	495	362	1400	1549	2733	711.11	115	1308	11.411	3.512	2.45884313966155e-09	6.55996732520347e-07	0.3392	0.1455
LOC124805241	38	69	70	124	101	143	129	1180	990	271	43	80	51	99	91	184	142	1055	763	633	314.18	73	555	7.602	2.926	2.49293003672228e-09	6.55996732520347e-07	0.2455	0.1295
LOC124717389	30	15	73	64	19	133	37	695	1041	160	34	17	53	51	17	172	41	621	802	374	218.26	34	402	11.538	3.528	5.0328531105239e-09	1.26416119494341e-06	0.3512	0.1441
LOC124798455	152	116	334	242	203	291	508	986	1183	251	174	135	243	193	183	375	558	881	912	586	424.1	186	662	3.568	1.835	7.35055087053943e-09	1.80529529380448e-06	0.1109	0.1298
LOC124805195	489	119	116	128	18	2462	1525	1612	2297	1951	558	139	84	102	16	3175	1676	1441	1770	4557	1351.91	180	2524	14.033	3.811	1.06906730934955e-08	2.51390040487899e-06	0.4242	0.1684
LOC124717283	1	0	2	11	8	28	69	35	64	165	1	0	1	9	7	36	76	31	49	385	59.65	4	115	29.089	4.862	1.18141010762956e-08	2.72019677281705e-06	0.5899	0.2489
LOC124791362	72	66	126	156	110	201	219	374	537	126	82	77	92	124	99	259	241	334	414	294	201.69	95	308	3.246	1.699	1.2147954529255e-08	2.73998353994543e-06	0.0954	0.1494
LOC124719983	3	1	4	8	2	15	24	27	48	82	3	1	3	6	2	19	26	24	37	192	31.41	3	60	17.622	4.139	1.71387684755555e-08	3.78835338383679e-06	0.4369	0.2523
LOC124718860	13	12	17	21	19	41	72	64	78	63	15	14	12	17	17	53	79	57	60	147	47.16	15	79	5.171	2.37	5.17739034287058e-08	1.07963241640388e-05	0.1773	0.2534
LOC124718981	7	12	18	11	16	28	32	159	83	211	8	14	13	9	14	36	35	142	64	493	82.85	12	154	12.969	3.697	5.87330445117819e-08	1.20206964434114e-05	0.4282	0.2311
LOC124775074	130	91	166	270	145	352	340	818	869	2144	148	106	121	215	131	454	374	731	670	5008	795.75	144	1447	10.009	3.323	7.05053658987244e-08	1.41677327984128e-05	0.3791	0.15
LOC124711857	9	9	22	7	14	46	42	59	56	66	10	10	16	6	13	59	46	53	43	154	41.05	11	71	6.27	2.648	1.0095712800716e-07	1.9924610334556e-05	0.2282	0.2546
LOC124777576	3	2	29	9	7	45	153	34	47	107	3	2	21	7	6	58	168	30	36	250	58.31	8	108	12.834	3.682	1.35145919987102e-07	2.62040825911833e-05	0.4455	0.2489
LOC124777235	19	18	38	24	16	73	64	234	240	17	22	21	28	19	14	94	70	209	185	40	70.23	21	120	5.769	2.528	1.70034333556073e-07	3.24003354217538e-05	0.2329	0.2386
LOC124777671	78	120	412	410	300	745	344	1328	1332	1250	89	140	300	327	271	961	378	1187	1027	2919	759.85	225	1294	5.731	2.519	1.80835395991592e-07	3.38744541779503e-05	0.2485	0.1482
LOC124720432	15	14	18	19	3	41	61	73	70	44	17	16	13	15	3	53	67	65	54	103	40.63	13	68	5.258	2.395	2.03352059170678e-07	3.7457449299239e-05	0.1974	0.2545
LOC124777858	4	2	4	13	0	12	54	33	37	50	5	2	3	10	0	15	59	30	29	117	26.98	4	50	11.673	3.545	2.58422924497802e-07	4.60659703475759e-05	0.4038	0.2503
LOC124797805	391	722	317	411	644	1053	2155	1698	2647	5186	447	841	231	328	581	1358	2368	1518	2040	12112	2182.4	486	3879	7.989	2.998	2.79694561081545e-07	4.82997545167693e-05	0.3508	0.1808
LOC124791378	25	18	17	34	25	52	72	168	155	31	29	21	12	27	23	67	79	150	119	72	59.98	22	97	4.403	2.138	4.16904807384561e-07	6.98126050183965e-05	0.177	0.2465
LOC124795620	131	338	338	341	360	469	1622	649	1181	537	150	394	246	272	325	605	1782	580	910	1254	651.8	277	1026	3.7	1.888	4.37295807508165e-07	7.21342278295559e-05	0.155	0.1422
LOC124798323	127	88	172	169	270	302	325	571	570	197	145	103	125	135	244	389	357	510	439	460	290.76	150	431	2.868	1.52	4.62260766962283e-07	7.51309705362816e-05	0.1005	0.1312
LOC124720521	18	5	7	6	8	101	5	132	206	28	21	6	5	5	7	130	5	118	159	65	52.14	9	95	11.045	3.465	4.7383429641344e-07	7.58958933907441e-05	0.4364	0.2509
LOC124711548	167	108	392	206	183	368	275	943	1117	1684	191	126	285	164	165	475	302	843	861	3933	734.51	186	1283	6.871	2.781	5.50864398881138e-07	8.45576852282547e-05	0.3221	0.1468
LOC124795417	153	143	241	256	336	252	724	1047	2214	179	175	167	175	204	303	325	796	936	1707	418	520.52	205	836	4.086	2.031	6.15999255791968e-07	9.20131780759762e-05	0.1824	0.1345
LOC124795445	21	22	14	46	44	22	348	172	180	96	24	26	10	37	40	28	382	154	139	224	106.37	27	185	6.784	2.762	6.16085339994774e-07	9.20131780759762e-05	0.3099	0.2073
LOC124799061	72	39	74	104	73	156	111	215	355	161	82	45	54	83	66	201	122	192	274	376	149.53	66	233	3.507	1.81	6.28134510018588e-07	9.25619013963392e-05	0.141	0.1748
LOC124712022	1	9	8	10	1	16	235	38	29	28	1	10	6	8	1	21	258	34	22	65	42.69	5	80	14.882	3.895	6.82136874475957e-07	9.66535479065164e-05	0.5436	0.2542
LOC124777258	13737	39913	18041	16414	6789	92694	110897	209454	180677	31142	15688	46510	13135	13081	6126	119546	121861	187242	139263	72735	73518.72	18908	128129	6.777	2.761	6.81391372647537e-07	9.66535479065164e-05	0.3253	0.3249
LOC124798509	5	50	16	64	28	32	117	939	319	152	6	58	12	51	25	41	129	839	246	355	176.2	30	322	10.577	3.403	6.66875607228633e-07	9.66535479065164e-05	0.4575	0.1599
LOC124720047	16	59	175	141	74	60	367	531	791	347	18	69	127	112	67	77	403	475	610	810	276.91	79	475	6.004	2.586	7.71685840035974e-07	0.000107957872203514	0.2878	0.1327
LOC124805193	182	126	495	448	314	718	516	1198	1126	2923	208	147	360	357	283	926	567	1071	868	6827	1161.42	271	2052	7.556	2.918	8.29471828527314e-07	0.000114591533111048	0.3629	0.1638
LOC124789268	38	38	118	98	71	112	89	388	422	150	43	44	86	78	64	144	98	347	325	350	158.05	63	253	3.98	1.993	9.11900849183184e-07	0.000122906441282592	0.1764	0.1695
LOC124800984	32	36	66	108	61	174	170	161	240	64	37	42	48	86	55	224	187	144	185	149	115.73	54	178	3.307	1.725	1.06053518886323e-06	0.000141217288039957	0.1322	0.1989
LOC124789846	16	3	9	26	55	211	274	4	225	561	18	3	7	21	50	272	301	4	173	1310	215.92	20	412	20.686	4.371	1.37964366852396e-06	0.000181521688387224	0.7357	0.146
LOC124805313	69	225	489	451	239	700	375	3087	1764	369	79	262	356	359	216	903	412	2760	1360	862	756.81	254	1259	4.946	2.306	1.42432432839961e-06	0.000185195676205559	0.2481	0.1482
LOC124711866	8	22	7	3	10	58	315	13	315	14	9	26	5	2	9	75	346	12	243	33	75.93	10	142	13.903	3.797	1.53564989192415e-06	0.000195080489718916	0.5745	0.234
LOC124787797	39	3	110	58	24	97	65	270	361	880	45	3	80	46	22	125	71	241	278	2055	296.75	39	554	14.025	3.81	2.24421954915162e-06	0.000275590160635818	0.6165	0.131
LOC124720355	113	176	122	327	214	2034	4741	237	296	226	129	205	89	261	193	2623	5210	212	228	528	967.75	175	1760	10.034	3.327	3.06445994073397e-06	0.000369373130547661	0.508	0.1577
LOC124777389	725	437	127	931	111	959	11102	1366	5026	986	828	509	92	742	100	1237	12200	1221	3874	2303	2310.62	454	4167	9.172	3.197	4.53112451987126e-06	0.000527136717827549	0.4924	0.1823
LOC124789965	17	2	54	70	49	209	65	405	128	104	19	2	39	56	44	270	71	362	99	243	120.56	32	209	6.413	2.681	4.71861897472035e-06	0.00054323100946468	0.3533	0.1953
LOC124777043	13	10	7	33	4	14	276	822	46	6	15	12	5	26	4	18	303	735	35	14	116.71	12	221	17.845	4.157	4.89331566016618e-06	0.000557535305939758	0.7526	0.1972
LOC124798601	17	21	27	32	23	47	48	92	90	148	19	24	20	26	21	61	53	82	69	346	72.04	22	122	5.466	2.45	5.22725056786476e-06	0.000589505849755524	0.2929	0.2396
LOC124776026	63	64	154	169	122	141	216	306	359	291	72	75	112	135	110	182	237	274	277	680	215.25	101	330	3.249	1.7	5.63185988624451e-06	0.000628720358209842	0.1539	0.1454
LOC124789759	38	164	278	243	280	210	129	1169	1082	5976	43	191	202	194	253	271	142	1045	834	13957	1713.23	177	3250	18.375	4.2	5.8314913900781e-06	0.000644496428431431	0.7927	0.1748
LOC124804656	27	20	36	54	15	119	169	59	86	56	31	23	26	43	14	153	186	53	66	131	72.59	27	118	4.265	2.093	6.03454574824009e-06	0.0006603346495995	0.2201	0.2378
LOC124712519	815	885	1680	1695	1619	1859	1636	5091	5471	5108	931	1031	1223	1351	1461	2398	1798	4551	4217	11930	3089.03	1199	4979	4.149	2.053	7.10405750320278e-06	0.000769745524758795	0.2319	0.1897
LOC124805192	29	45	75	60	119	111	76	441	103	1017	33	52	55	48	107	143	84	394	79	2375	337.09	59	615	10.365	3.374	8.18197911975681e-06	0.000861211745062403	0.5663	0.1288
LOC124798582	457	83	380	128	21	1115	643	4592	2131	200	522	97	277	102	19	1438	707	4105	1643	467	937.55	203	1672	8.228	3.04	8.44432565781016e-06	0.000880440445001113	0.4777	0.1566
LOC124791394	1133	1317	1321	1303	1512	2201	2555	2791	5202	2645	1294	1535	962	1038	1364	2839	2808	2495	4010	6178	2452.15	1239	3666	2.959	1.565	9.04191488252475e-06	0.000933936853099659	0.142	0.1837
LOC124788266	126	183	293	324	121	751	275	582	642	182	144	213	213	258	109	969	302	520	495	425	364.88	187	542	2.888	1.53	1.19145165905447e-05	0.00121925219776574	0.1372	0.1285
LOC124777491	38	115	126	210	96	256	525	196	288	207	43	134	92	167	87	330	577	175	222	483	231.09	105	357	3.404	1.767	1.24064517820708e-05	0.00125794591830685	0.1801	0.1409
LOC124777001	26	36	1	78	31	57	3399	32	291	60	30	42	1	62	28	74	3735	29	224	140	436.41	33	840	25.785	4.688	1.32254138085034e-05	0.0013168222829872	1.017	0.1302
LOC124777415	56	59	40	53	34	80	389	80	158	136	64	69	29	42	31	103	427	72	122	318	127.63	47	208	4.434	2.149	1.41161881236827e-05	0.00139296527806198	0.26	0.1901
LOC124711697	108	258	322	189	259	585	528	544	493	206	123	301	234	151	234	754	580	486	380	481	372.48	209	536	2.571	1.362	1.58908491377804e-05	0.00151401435060991	0.1125	0.1285
LOC124802108	7	12	37	30	33	15	30	76	70	659	8	14	27	24	30	19	33	68	54	1539	181.6	21	343	16.496	4.044	1.69003125579804e-05	0.00158290046093897	0.8191	0.1598
LOC124789508	190	214	265	254	341	781	612	986	964	79	217	249	193	202	308	1007	673	881	743	185	465.81	234	698	2.988	1.579	1.89797854782801e-05	0.0017480382425496	0.1538	0.1316
LOC124789336	17	67	86	60	41	75	72	282	284	132	19	78	63	48	37	97	79	252	219	308	120.01	49	191	3.881	1.956	2.10150337730586e-05	0.00190375535458888	0.2266	0.1959
LOC124789667	1208	1007	2418	1686	1025	2137	2626	3062	5041	3738	1380	1173	1760	1344	925	2756	2886	2737	3886	8730	2757.69	1316	4199	3.188	1.673	2.13596795033581e-05	0.00191924534854564	0.176	0.1867
LOC124805339	92	12	71	58	36	178	70	214	87	692	105	14	52	46	32	230	77	191	67	1616	243.05	50	436	8.703	3.121	2.2413660676804e-05	0.00199770788548418	0.547	0.1389
LOC124787892	128	478	787	326	374	597	437	1618	1726	3242	146	557	573	260	337	770	480	1446	1330	7572	1347.23	375	2320	6.185	2.629	2.30695111159695e-05	0.00203971389482956	0.4095	0.1683
LOC124795471	5	9	7	9	5	14	18	19	48	19	6	10	5	7	5	18	20	17	37	44	16.92	7	27	4.052	2.019	2.47406383501673e-05	0.00217010742100039	0.1831	0.2409
LOC124789795	11	2	17	19	27	27	14	27	122	306	13	2	12	15	24	35	15	24	94	715	94.98	13	177	12.979	3.698	2.79420535771104e-05	0.00235737081018492	0.7376	0.2211
LOC124788015	688	726	791	1272	753	1821	1079	3860	2501	717	786	846	576	1014	679	2349	1186	3451	1928	1675	1448.79	780	2118	2.715	1.441	3.056273987583e-05	0.00253969474517047	0.1371	0.1704
LOC124710724	251	248	237	319	214	366	354	731	655	362	287	289	173	254	193	472	389	653	505	845	406.04	239	573	2.394	1.259	3.16570140722352e-05	0.00261099492183838	0.1038	0.1292
LOC124777558	8	4	3	25	12	15	739	1	111	22	9	5	2	20	11	19	812	1	86	51	101.6	9	194	20.448	4.354	3.32514954214806e-05	0.00270668728842162	0.985	0.211
LOC124805187	25	0	29	23	0	90	9	388	355	70	29	0	21	18	0	116	10	347	274	163	97.79	14	182	13.25	3.728	3.85670558186575e-05	0.00308871812252031	0.777	0.2145
LOC124777662	74	61	141	94	233	170	300	293	322	198	85	71	103	75	210	219	330	262	248	462	206.49	109	304	2.786	1.478	4.16264209363546e-05	0.00330974967042151	0.1443	0.148
LOC124794930	200	346	342	133	234	427	544	664	759	296	228	403	249	106	211	551	598	594	585	691	421.61	239	604	2.522	1.335	4.23383508089059e-05	0.00334231037957163	0.1205	0.1297
LOC124720476	8	28	18	50	15	65	550	18	42	86	9	33	13	40	14	84	604	16	32	201	104.58	22	187	8.607	3.105	4.28832558144896e-05	0.00336131732809744	0.5755	0.2092
LOC124777551	20	4	24	11	23	57	48	36	126	18	23	5	17	9	21	74	53	32	97	42	37.21	15	60	3.985	1.995	4.39529902504592e-05	0.00342090456512729	0.2352	0.2546
LOC124718923	317	703	363	357	592	900	1459	1566	1324	404	362	819	264	285	534	1161	1603	1400	1021	944	839.22	453	1226	2.709	1.438	4.94739842766807e-05	0.00377094120155776	0.1436	0.1523
LOC124776202	644	406	614	483	1679	1610	1295	1948	3106	1864	735	473	447	385	1515	2076	1423	1741	2394	4354	1554.39	711	2398	3.37	1.753	5.0324806000763e-05	0.00380951887616735	0.2112	0.1723
LOC124777762	186	273	377	341	342	582	664	531	455	959	212	318	274	272	309	751	730	475	351	2240	593.08	277	909	3.273	1.71	5.188161479605e-05	0.00390065038589078	0.2009	0.1386
LOC124717082	113	86	358	352	243	199	181	751	951	1844	129	100	261	281	219	257	199	671	733	4307	715.64	198	1233	6.216	2.636	5.33015594925646e-05	0.00391259717242823	0.4509	0.1457
LOC124795184	396	682	804	660	408	837	981	1672	1333	1068	452	795	585	526	368	1079	1078	1495	1027	2494	990.04	545	1435	2.629	1.394	5.41437397982873e-05	0.00391259717242823	0.1369	0.1585
LOC124796310	0	1	48	20	4	37	34	123	257	55	0	1	35	16	4	48	37	110	198	128	57.72	11	104	9.079	3.183	5.34267558237873e-05	0.00391259717242823	0.6097	0.2481
LOC124798583	7	4	42	22	13	17	17	79	494	38	8	5	31	18	12	22	19	71	381	89	65.32	15	116	7.891	2.98	5.41646188365472e-05	0.00391259717242823	0.545	0.2424
LOC124798287	52	105	115	65	104	157	148	223	204	261	59	122	84	52	94	202	163	199	157	610	174.24	82	266	3.217	1.686	5.63796578828119e-05	0.00404615570727816	0.1922	0.1616
LOC124795640	4	42	9	4	29	45	88	126	181	40	5	49	7	3	26	58	97	113	140	93	58.97	18	100	5.639	2.495	5.83730443096109e-05	0.00416218635941819	0.3919	0.2473
LOC124795918	396	398	394	549	290	438	706	1108	1120	942	452	464	287	438	262	565	776	990	863	2200	729.67	381	1079	2.833	1.502	5.94378692283926e-05	0.00421094442764228	0.1593	0.1466
LOC124802811	163	137	138	157	168	206	690	178	303	587	186	160	100	125	152	266	758	159	234	1371	351.05	145	558	3.846	1.943	5.98241686641695e-05	0.00421131663742931	0.2588	0.1285
LOC124795844	151	100	170	137	151	200	133	399	423	563	172	117	124	109	136	258	146	357	326	1315	305.99	132	480	3.634	1.862	6.05342062701597e-05	0.00423432941580889	0.2384	0.1301
LOC124722982	117	191	138	113	130	261	320	286	308	204	134	223	100	90	117	337	352	256	237	476	232.18	133	332	2.495	1.319	6.2076208928753e-05	0.00431488214516087	0.1208	0.1407
LOC124712000	2325	6684	11108	5390	4196	6495	7846	18218	23453	52917	2655	7789	8087	4295	3786	8377	8622	16286	18077	123592	20156.66	5322	34991	6.574	2.717	6.41010166841443e-05	0.00442777772745727	0.4881	0.2617
LOC124742380	117	88	92	127	106	214	273	346	324	48	134	103	67	101	96	276	300	309	250	112	174.71	100	249	2.508	1.327	8.18427744764082e-05	0.00548197783947432	0.1255	0.1604
LOC124802884	161	184	280	181	229	231	273	480	568	584	184	214	204	144	207	298	300	429	438	1364	378.18	191	566	2.957	1.564	8.43898149389237e-05	0.00559727183176019	0.1782	0.1286
LOC124805048	399	628	1039	812	1030	697	921	1986	2309	5929	456	732	756	647	929	899	1012	1775	1780	13848	2283.42	704	3863	5.483	2.455	8.85833953591848e-05	0.0058275219375578	0.4227	0.182
LOC124711778	115	98	198	148	159	181	197	329	364	167	131	114	144	118	143	233	216	294	281	390	206.57	130	283	2.163	1.113	9.1746464415106e-05	0.00599989304565534	0.0896	0.1479
LOC124720123	30	12	23	85	31	13	59	280	182	213	34	14	17	68	28	17	65	250	140	497	113.04	32	194	5.978	2.58	9.64570534027605e-05	0.00623417166203105	0.4561	0.2027
LOC124711907	17	9	18	8	26	33	25	56	78	30	19	10	13	6	23	43	27	50	60	70	32.31	14	50	3.409	1.769	0.000101005100661185	0.00623808919624507	0.1982	0.2536
LOC124717164	39	53	125	201	83	87	81	270	330	872	45	62	91	160	75	112	89	241	254	2037	316.6	87	547	6.29	2.653	0.0001003577468894	0.00623808919624507	0.4899	0.1296
LOC124777625	27	11	4	14	12	69	653	5	25	20	31	13	3	11	11	89	718	4	19	47	94.56	14	175	12.784	3.676	9.89441832137745e-05	0.00623808919624507	0.8481	0.2176
LOC124789506	45	32	108	136	53	94	162	235	278	69	51	37	79	108	48	121	178	210	214	161	120.83	65	177	2.723	1.445	9.76906995914515e-05	0.00623808919624507	0.15	0.1945
LOC124805250	7	7	6	19	11	24	21	41	25	28	8	8	4	15	10	31	23	37	19	65	22.09	9	35	3.702	1.888	9.80307912637255e-05	0.00623808919624507	0.2089	0.2466
LOC124717061	69	74	81	75	58	180	296	137	162	52	79	86	59	60	52	232	325	122	125	121	126.23	67	185	2.763	1.466	0.000107801749347497	0.00661902740993634	0.1563	0.1904
LOC124796285	24	12	25	5	13	24	38	68	47	105	27	14	18	4	12	31	42	61	36	245	49.03	15	83	5.427	2.44	0.000110929894808336	0.00677346517912561	0.4018	0.2532
LOC124776287	4	18	16	16	10	13	37	300	2	129	5	21	12	13	9	17	41	268	2	301	68.74	12	126	10.531	3.397	0.000115035000500034	0.0069855320083867	0.7506	0.2418
LOC124777754	12	15	37	40	7	23	41	115	64	117	14	17	27	32	6	30	45	103	49	273	59.64	19	100	5.082	2.345	0.000121876237039415	0.00724180737505172	0.3839	0.248
LOC124798939	5	37	66	58	42	33	96	87	161	345	6	43	48	46	38	43	105	78	124	806	133.67	36	231	6.316	2.659	0.000121472497451793	0.00724180737505172	0.4981	0.1873
LOC124795402	113	118	206	156	279	210	161	396	444	1150	129	138	150	124	252	271	177	354	342	2686	462.25	159	766	4.818	2.268	0.000133715579034366	0.00790280523790277	0.3831	0.1312
LOC124805407	7	5	22	19	12	50	43	10	66	24	8	6	16	15	11	64	47	9	51	56	28.34	11	45	3.954	1.983	0.000135633894541896	0.00797354150253739	0.2613	0.2519
LOC124777002	19	6	2	29	8	59	704	4	17	16	22	7	1	23	7	76	774	4	13	37	96.42	12	181	14.842	3.892	0.000152042741588334	0.00889088031764163	0.9879	0.2158
LOC124795045	329	2881	2834	864	1230	2260	5593	4910	5820	5828	376	3357	2063	689	1110	2915	6146	4389	4486	13612	3914.24	1519	6310	4.153	2.054	0.000154121595653529	0.0089650098692779	0.3272	0.1966
LOC124721705	68	587	514	136	220	617	1771	1110	992	336	78	684	374	108	199	796	1946	992	765	785	672.63	289	1057	3.663	1.873	0.000155450401326369	0.00899496248931429	0.2742	0.1434
LOC124720168	28	33	46	51	48	41	86	74	129	206	32	38	33	41	43	53	95	66	99	481	98.2	37	159	4.172	2.061	0.000158952936164084	0.00911528329046618	0.3174	0.2165
LOC124797903	80	103	126	154	176	169	308	200	254	244	91	120	92	123	159	218	338	179	196	570	208.55	117	300	2.551	1.351	0.000161151561390227	0.00918065493033397	0.1429	0.1475
LOC124805148	67	66	80	54	123	88	94	257	229	275	77	77	58	43	111	113	103	230	177	642	163.1	73	253	3.439	1.782	0.000163871017072864	0.00928770502917584	0.2452	0.1674
LOC124776484	520	644	1007	667	674	726	965	1929	1729	1427	594	750	733	532	608	936	1060	1724	1333	3333	1160.39	643	1677	2.604	1.381	0.000169299372616381	0.00944998316240529	0.1551	0.1639
LOC124795140	136	620	794	573	338	395	258	8057	1019	2212	155	722	578	457	305	509	284	7203	785	5166	1616.47	443	2789	6.287	2.652	0.000168879462232166	0.00944998316240529	0.5275	0.1733
LOC124776630	61	48	77	141	58	69	25	371	436	392	70	56	56	112	52	89	27	332	336	916	204.61	69	340	4.884	2.288	0.000172552862846941	0.00958318713660501	0.3992	0.1491
LOC124776862	113	141	169	270	112	136	229	347	125	2168	129	164	123	215	101	175	252	310	96	5064	662.98	146	1179	8.034	3.006	0.000174175740158582	0.00962495140116326	0.6592	0.1426
LOC124774923	372	611	606	624	458	573	969	1093	1204	1710	425	712	441	497	413	739	1065	977	928	3994	1019.13	498	1541	3.091	1.628	0.000190732824985601	0.0104874586156262	0.2163	0.1595
LOC124794821	43	74	87	40	65	85	110	173	157	139	49	86	63	32	59	110	121	155	121	325	112	58	166	2.853	1.512	0.000193012349670999	0.0105602598443756	0.1784	0.2029
LOC124718949	10	17	3	21	21	22	108	44	88	14	11	20	2	17	19	28	119	39	68	33	35.6	14	57	4.181	2.064	0.000205396306675613	0.0110733657628238	0.3105	0.2545
LOC124795460	37	26	90	191	183	76	85	202	456	1075	42	30	66	152	165	98	93	181	351	2511	368.96	91	647	7.072	2.822	0.000208428899672819	0.011128290817314	0.6029	0.1285
LOC124711286	21	62	52	24	44	51	55	153	203	98	24	72	38	19	40	66	60	137	156	229	84.13	39	130	3.35	1.744	0.000237651418138276	0.012567097958202	0.2411	0.2279
LOC124776322	8	9	28	16	13	32	21	23	158	20	9	10	20	13	12	41	23	21	122	47	31.79	13	51	3.889	1.959	0.000241416372902383	0.0127053988253197	0.2844	0.2537
LOC124789963	5	26	2	16	21	3	151	79	244	24	6	30	1	13	19	4	166	71	188	56	55.37	14	97	7.026	2.813	0.000250198137471155	0.0130524419359835	0.5945	0.2491
LOC124777451	120	190	310	445	246	170	252	501	494	2733	137	221	226	355	222	219	277	448	381	6383	886.87	232	1542	6.63	2.729	0.00025482794701657	0.0132223402367471	0.5862	0.1543
LOC124780975	69	261	223	102	173	312	875	669	649	46	79	304	162	81	156	402	962	598	500	107	335.23	156	514	3.289	1.718	0.000261733234701896	0.0134593147443719	0.2483	0.1287
LOC124789669	7	13	11	7	8	27	28	22	21	17	8	15	8	6	7	35	31	20	16	40	18.51	9	28	3.161	1.661	0.000271944259893868	0.0139144812979029	0.1729	0.2429
LOC124795456	22	49	32	22	23	53	54	111	121	42	25	57	23	18	21	68	59	99	93	98	56.21	29	83	2.925	1.548	0.000283389525319424	0.0144332766535958	0.188	0.249
LOC124777512	5	16	39	27	16	17	29	68	88	105	6	19	28	22	14	22	32	61	68	245	51.63	18	86	4.7	2.233	0.000292463551044066	0.0147593934526896	0.3927	0.2521
LOC124776646	86	156	88	101	44	211	273	272	267	77	98	182	64	80	40	272	300	243	206	180	166.52	93	240	2.598	1.378	0.000295715158824805	0.0148516240450314	0.1609	0.1647
LOC124712543	17778	17240	29895	26365	13410	24723	27139	80378	72005	48988	20303	20090	21765	21011	12100	31885	29822	71854	55500	114416	39874.6	19054	60695	3.185	1.671	0.000300726562214084	0.0149041702492828	0.2436	0.2941
LOC124777637	19	10	7	12	22	55	49	43	92	5	22	12	5	10	20	71	54	38	71	12	31.37	14	49	3.683	1.881	0.000299994946477665	0.0149041702492828	0.2684	0.2536
LOC124795141	2897	5017	3077	4856	3445	5607	4213	15082	15848	5479	3308	5846	2240	3870	3108	7231	4630	13483	12215	12797	6872.87	3674	10071	2.741	1.455	0.00031245205199001	0.0153995576680313	0.1876	0.2159
LOC124798325	5013	1617	2386	1962	406	11774	10436	18447	9700	705	5725	1884	1737	1564	366	15185	11468	16491	7477	1647	6354.28	2255	10454	4.635	2.213	0.000313508910179791	0.0153995576680313	0.4141	0.213
LOC124776215	117	239	195	76	94	294	325	397	411	137	134	279	142	61	85	379	357	355	317	320	242.74	140	346	2.476	1.308	0.000325004150068198	0.0158935657812112	0.1492	0.1381
LOC124802701	148	102	172	183	183	265	204	362	336	127	169	119	125	146	165	342	224	324	259	297	216.92	145	289	1.994	0.996	0.000332831488236297	0.0162046414448791	0.0857	0.1446
LOC124798629	319	142	266	178	124	183	131	784	1428	490	364	165	194	142	112	236	144	701	1101	1144	430.31	195	665	3.403	1.767	0.000335155034715866	0.0162461993143849	0.2721	0.13
LOC124777023	47	387	212	98	95	300	1372	542	472	177	54	451	154	78	86	387	1508	485	364	413	397.91	165	631	3.84	1.941	0.000338106512326581	0.0163176994508007	0.3255	0.129
LOC124776733	187	309	308	223	243	291	359	608	646	286	214	360	224	178	219	375	394	544	498	668	367.41	239	496	2.074	1.052	0.000341145317802858	0.0163927741406834	0.0984	0.1285
LOC124777181	28	31	73	132	75	51	50	190	246	388	32	36	53	105	68	66	55	170	190	906	168.05	59	277	4.673	2.224	0.000356311022216657	0.0169010704615386	0.4187	0.1653
LOC124805178	1008	821	1201	1691	981	1207	3651	2626	2938	820	1151	957	874	1348	885	1557	4012	2348	2265	1915	1731.09	1043	2419	2.32	1.214	0.000359047255499455	0.0169580780674358	0.1345	0.1751
LOC124787653	1675	2582	3871	5198	3484	3359	2877	6485	6342	30625	1913	3009	2818	4142	3144	4332	3161	5797	4888	71527	10473.26	3005	17941	5.969	2.578	0.000364681973148552	0.0171509156052672	0.5588	0.2327
LOC124717035	14	12	27	28	11	10	19	99	72	92	16	14	20	22	10	13	21	89	55	215	47.45	16	79	4.695	2.231	0.000371523000538859	0.0172524042098969	0.4045	0.2535
LOC124720076	50	71	92	83	51	176	146	196	194	30	57	83	67	66	46	227	160	175	150	70	110.12	64	156	2.463	1.3	0.000379652169243162	0.0174829823936476	0.146	0.2033
LOC124720442	554	695	775	1223	515	653	1165	1545	2227	2039	633	810	564	975	465	842	1280	1381	1717	4762	1342.84	689	1996	2.894	1.533	0.000396115450646374	0.0181654272221731	0.2142	0.1683
LOC124787635	388	725	373	702	375	618	3149	2363	3078	98	443	845	272	559	338	797	3460	2112	2372	229	1142.85	491	1794	3.653	1.869	0.000401033643590086	0.0183149744998249	0.3129	0.1634
LOC124789548	50	38	58	47	66	91	87	119	121	71	57	44	42	37	60	117	96	106	93	166	81.91	48	116	2.388	1.256	0.000414110305197555	0.0187792675072261	0.1333	0.2297
LOC124796240	7	4	10	11	26	20	16	61	29	43	8	5	7	9	23	26	18	55	22	100	27.29	10	44	4.087	2.031	0.000414598377828733	0.0187792675072261	0.3234	0.2508
LOC124711660	105	455	831	899	608	261	468	1823	1644	5023	120	530	605	716	549	337	514	1630	1267	11732	1799.96	504	3096	6.138	2.618	0.000421599662745074	0.018879414102875	0.5864	0.1761
LOC124803040	149	41	71	50	63	34	86	432	568	216	170	48	52	40	57	44	95	386	438	504	183.32	73	293	4.005	2.002	0.000419109209663855	0.018879414102875	0.3524	0.157
LOC124711242	94	176	162	262	221	206	210	303	431	835	107	205	118	209	199	266	231	271	332	1950	388.83	168	610	3.624	1.858	0.00042741119330357	0.0190473730177059	0.3098	0.1287
LOC124711771	68	129	149	95	66	177	171	256	217	107	78	150	108	76	60	228	188	229	167	250	153.39	94	212	2.249	1.169	0.000434199314213	0.0192721719706108	0.1218	0.1721
LOC124718885	95	158	252	127	192	224	230	297	296	489	108	184	183	101	173	289	253	266	228	1142	292.79	150	436	2.886	1.529	0.000441033176857636	0.0194431743032842	0.2132	0.1311
LOC124794936	553	632	1344	1596	931	886	1124	2354	2115	4496	632	736	978	1272	840	1143	1235	2104	1630	10501	2107.16	892	3323	3.723	1.897	0.000441570462371003	0.0194431743032842	0.3267	0.18
LOC124789546	21	23	47	20	44	57	60	87	95	29	24	27	34	16	40	74	66	78	73	68	49.88	28	72	2.54	1.345	0.000452963095458635	0.019865667186543	0.1487	0.252
LOC124777400	15	32	52	23	37	53	53	102	70	65	17	37	38	18	33	68	58	91	54	152	56.75	29	85	2.897	1.535	0.000459938323163068	0.0200918511762776	0.1998	0.249
LOC124805240	24	23	43	59	38	42	62	100	111	67	27	27	31	47	34	54	68	89	86	156	62.06	33	91	2.678	1.421	0.00047443627166868	0.0205626261744402	0.1727	0.2456
LOC124777528	56	53	3	111	44	64	1081	41	303	72	64	62	2	88	40	83	1188	37	234	168	196.48	51	342	6.671	2.738	0.000476496906324091	0.0205712648777104	0.6413	0.1513
LOC124720038	26	76	184	43	36	67	201	185	228	169	30	89	134	34	32	86	221	165	176	395	136.21	64	209	3.247	1.699	0.000489762209582089	0.0210616807015613	0.2617	0.1838
LOC124777085	25	27	45	45	21	38	40	74	105	123	29	31	33	36	19	49	44	66	81	287	67.49	30	105	3.512	1.812	0.000536910370478565	0.0227184044177636	0.291	0.2427
LOC124789467	385	591	656	578	612	654	810	1253	991	1347	440	689	478	461	552	843	890	1120	764	3146	938.23	524	1353	2.579	1.367	0.000533244296018608	0.0227184044177636	0.1791	0.1565
LOC124796276	12	14	15	35	22	89	18	9	228	43	14	16	11	28	20	115	20	8	176	100	50.75	18	84	4.686	2.228	0.000538565142730191	0.0227184044177636	0.432	0.2518
LOC124795147	36	138	61	47	51	73	121	140	169	429	41	161	44	37	46	94	133	125	130	1002	181.43	66	297	4.485	2.165	0.000549610286322299	0.0230961706632473	0.4252	0.1589
LOC124803052	1585	1437	3553	4221	2381	6531	3044	11564	12821	802	1810	1675	2587	3364	2148	8423	3345	10338	9882	1873	4544.46	2317	6772	2.923	1.548	0.000559674292925372	0.0234300010811031	0.2306	0.2013
LOC124723001	14	7	11	9	5	15	23	41	40	6	16	8	8	7	5	19	25	37	31	14	17	9	25	2.966	1.569	0.000622704360279586	0.0257757625086516	0.1782	0.242
LOC124775213	61	36	93	73	60	220	121	137	216	24	70	42	68	58	54	284	133	122	166	56	105.33	58	152	2.616	1.388	0.000649249228220396	0.0265759350751549	0.1816	0.2075
LOC124790115	6	5	1	19	23	8	31	36	48	73	7	6	1	15	21	10	34	32	37	170	33.34	10	57	5.601	2.486	0.000653664132362057	0.0266579187854814	0.5332	0.2534
LOC124777204	624	828	4595	2457	1020	3043	1971	7113	6288	2281	713	965	3345	1958	920	3925	2166	6359	4847	5327	3052.45	1580	4525	2.862	1.517	0.000676049797534681	0.0274694939792401	0.2287	0.1894
LOC124773151	7	20	21	32	94	58	67	60	64	276	8	23	15	26	85	75	74	54	49	645	105.29	31	179	5.646	2.497	0.00068494026497856	0.0277287905074837	0.569	0.2109
LOC124721604	712	911	782	947	690	892	862	1947	2314	1709	813	1062	569	755	623	1150	947	1741	1784	3992	1343.46	764	1923	2.514	1.33	0.000708611023229942	0.0284784328317721	0.1782	0.1683
LOC124716304	105	183	140	82	115	208	329	250	262	121	120	213	102	65	104	268	362	223	202	283	194.2	121	268	2.218	1.149	0.000767690501139731	0.0303545271889171	0.1307	0.1523
LOC124789687	263	165	351	333	256	310	281	571	658	348	300	192	256	265	231	400	309	510	507	813	378.35	249	508	2.034	1.024	0.00076902529975541	0.0303545271889171	0.1061	0.1286
LOC124718939	149	147	277	227	222	144	117	437	527	1129	170	171	202	181	200	186	129	391	406	2637	467.24	185	750	4.043	2.016	0.000782043454495756	0.0305411457918272	0.3985	0.1315
LOC124776028	240	337	335	320	55	478	413	950	739	252	274	393	244	255	50	616	454	849	570	589	429.31	243	616	2.534	1.342	0.000779808970000603	0.0305411457918272	0.1823	0.13
LOC124796352	27	49	42	34	42	56	88	108	121	33	31	57	31	27	38	72	97	97	93	77	61.93	37	87	2.39	1.257	0.000779331669437207	0.0305411457918272	0.1453	0.2453
LOC124711968	11	10	7	54	4	20	92	30	49	86	13	12	5	43	4	26	101	27	38	201	46.83	15	79	5.058	2.339	0.000795636261559063	0.0309625773336294	0.5026	0.2537
LOC124712049	1661	1193	6722	2068	1452	3771	4476	7364	6279	3118	1897	1390	4894	1648	1310	4863	4919	6583	4840	7282	3962.63	2228	5697	2.557	1.354	0.000799850777591577	0.0310173712068144	0.1889	0.197
LOC124795200	37	67	106	146	98	66	80	156	178	591	42	78	77	116	88	85	88	139	137	1380	223.23	80	366	4.52	2.176	0.000814005498091721	0.031368767267846	0.4598	0.1437
LOC124794964	401	391	513	561	461	412	574	694	899	2210	458	456	373	447	416	531	631	620	693	5162	978.72	430	1527	3.547	1.827	0.000818463533664607	0.0314085381043793	0.3349	0.158
LOC124722044	8	20	15	7	3	30	21	31	41	17	9	23	11	6	3	39	23	28	32	40	21.24	10	32	3.126	1.644	0.000841935465336358	0.0320046402158084	0.2218	0.2462
LOC124716906	87	111	131	179	144	136	216	222	245	269	99	129	95	143	130	175	237	198	189	628	202.5	119	285	2.376	1.249	0.000853729846224364	0.0320932729948016	0.1574	0.1496
LOC124794714	47	12	42	60	21	104	104	192	50	26	54	14	31	48	19	134	114	172	39	61	68.43	33	104	3.145	1.653	0.000851159253152739	0.0320932729948016	0.2642	0.2405
LOC124795505	1263	1507	2196	2424	3137	2224	2267	3175	5018	9645	1442	1756	1599	1932	2830	2868	2491	2838	3868	22527	4415.18	1912	6918	3.618	1.855	0.000850361372339867	0.0320932729948016	0.348	0.2004
LOC124719980	0	2	42	3	15	12	16	76	120	58	0	2	31	2	14	15	18	68	92	135	37.78	10	66	6.512	2.703	0.000873355001779278	0.0323903338243778	0.6685	0.2546
LOC124711537	115	330	256	388	204	239	311	570	492	1031	131	385	186	309	184	308	342	510	379	2408	514.23	239	789	3.293	1.72	0.000913879554226753	0.0337799225194451	0.303	0.1339
LOC124798636	160	12	8	19	52	369	77	163	285	179	183	14	6	15	47	476	85	146	220	418	160.86	53	269	5.085	2.346	0.000917715325588771	0.0338086325946903	0.5367	0.1684
LOC124777169	9	24	34	29	23	23	17	108	130	46	10	28	25	23	21	30	19	97	100	107	45.94	21	71	3.269	1.709	0.00093699432870469	0.0342902692743186	0.2789	0.2535
LOC124789276	240	418	397	687	453	454	820	547	408	2776	274	487	289	547	409	586	901	489	314	6484	1078.01	401	1755	4.368	2.127	0.000948844768687628	0.0346093478004477	0.4567	0.1614
LOC124788012	27	19	34	13	17	29	38	62	101	25	31	22	25	10	15	37	42	55	78	58	37.42	21	54	2.632	1.396	0.000960526474099244	0.0349201927360028	0.1774	0.2546
LOC124788165	23	25	40	27	24	38	37	66	82	50	26	29	29	22	22	49	41	59	63	117	45.63	26	66	2.532	1.34	0.000965341853313769	0.0349801906977829	0.166	0.2537
LOC124776658	32	42	98	63	54	121	86	119	127	54	37	49	71	50	49	156	95	106	98	126	83.67	51	116	2.254	1.172	0.000973307568167228	0.0351535792267458	0.1347	0.2278
LOC124788421	87	262	213	219	213	288	571	402	495	111	99	305	155	175	192	371	627	359	382	259	292.55	185	400	2.162	1.112	0.00103237025737331	0.0370446626119799	0.131	0.131
LOC124789381	448	640	1603	1508	754	429	602	2485	2522	6398	512	746	1167	1202	680	553	662	2221	1944	14943	2462.99	861	4065	4.717	2.238	0.00105064479590848	0.0375784022148238	0.5112	0.1838
LOC124711346	1	10	13	20	25	6	15	72	75	70	1	12	9	16	23	8	16	64	58	163	37.06	12	62	4.973	2.314	0.00106071768330651	0.0378162962448501	0.5121	0.2544
LOC124711754	1516	2596	3292	4235	482	2439	3535	9632	12188	3196	1731	3025	2397	3375	435	3146	3885	8611	9394	7465	4346.25	2193	6500	2.964	1.568	0.001075792923721	0.0381078954902707	0.2632	0.1999
LOC124777963	10	5	24	9	10	25	30	70	29	4	11	6	17	7	9	32	33	63	22	9	21.04	10	32	3.135	1.648	0.00108072801270696	0.0381604025445283	0.2417	0.2469
LOC124711461	174	576	284	229	127	119	1143	1203	1738	247	199	671	207	182	115	153	1256	1075	1340	577	577.52	275	880	3.208	1.682	0.00112231074539627	0.0393770741527606	0.3014	0.1378
LOC124776872	293	396	719	763	685	446	383	898	1175	3554	335	461	523	608	618	575	421	803	906	8301	1355.09	509	2201	4.319	2.111	0.00112619957732722	0.0393884738247481	0.464	0.1685
LOC124712350	9	19	15	12	3	33	68	37	21	9	10	22	11	10	3	43	75	33	16	21	24.32	11	38	3.402	1.766	0.00113567673818492	0.0395946350486426	0.2871	0.2494
LOC124777385	269	183	52	228	74	64	1063	289	1026	299	307	213	38	182	67	83	1168	258	791	698	380.49	161	600	3.719	1.895	0.00120190152389162	0.0413813571403433	0.3815	0.1286
LOC124788354	84	274	688	523	392	303	160	555	856	3294	96	319	501	417	354	391	176	496	660	7693	1110.26	337	1883	5.576	2.479	0.0012085979387173	0.0414826845301355	0.6307	0.1623
LOC124795457	122	82	142	90	75	134	253	281	145	96	139	96	103	72	68	173	278	251	112	224	151.57	96	208	2.173	1.12	0.00124708980292343	0.0425396188330549	0.1336	0.1732
LOC124798250	32	29	138	136	58	61	261	208	316	46	37	34	100	108	52	79	287	186	244	107	123.39	66	181	2.715	1.441	0.00125677275264548	0.0427380075761164	0.2222	0.1922
LOC124776974	0	0	29	17	14	25	44	22	39	63	0	0	21	14	13	32	48	20	30	147	32.48	10	55	5.607	2.487	0.00127235848370516	0.0431352943616853	0.6064	0.2532
LOC124799282	0	0	54	0	0	27	78	110	96	97	0	0	39	0	0	35	86	98	74	227	55.87	8	104	12.743	3.672	0.00129046747403322	0.043532090866483	1.2464	0.2499
LOC124717342	819	2351	4542	1831	2373	2973	1980	5354	5466	8188	935	2740	3307	1459	2141	3834	2176	4786	4213	19124	4471.52	2116	6827	3.225	1.689	0.00136363449326468	0.0456466741540616	0.3164	0.2008
LOC124788115	1927	1420	346	489	1504	2419	3164	5146	4786	999	2201	1655	252	390	1357	3120	3477	4600	3689	2333	2307.31	1171	3444	2.942	1.557	0.0013670873276325	0.0456466741540616	0.2708	0.1823
LOC124795034	23	46	63	44	38	39	60	96	137	94	26	54	46	35	34	50	66	86	106	220	72.23	39	106	2.669	1.416	0.00143194745879181	0.0473828841753507	0.2117	0.2384
LOC124795378	40	26	55	44	76	115	96	71	82	77	46	30	40	35	69	148	105	63	63	180	78	44	112	2.521	1.334	0.00143655602013908	0.0473934839838124	0.1885	0.2334
LOC124719995	279	4525	6879	852	540	4896	12705	8237	22375	2619	319	5273	5008	679	487	6314	13961	7363	17246	6117	6276.82	2353	10200	4.335	2.116	0.00144976748488578	0.0476305188830032	0.4884	0.2125
LOC124710920	109	190	155	269	95	315	297	644	189	126	124	221	113	214	86	406	326	576	146	294	250.71	152	350	2.305	1.205	0.00149982545122851	0.0486333543877535	0.1638	0.1365
LOC124775415	79	129	128	73	126	140	152	244	261	119	90	150	93	58	114	181	167	218	201	278	155.04	101	209	2.064	1.046	0.00149948576790075	0.0486333543877535	0.1202	0.1712
LOC124793320	51	33	79	111	88	58	39	195	231	263	58	38	58	88	79	75	43	174	178	614	140.64	64	217	3.337	1.739	0.00150054052173579	0.0486333543877535	0.3317	0.1814
LOC124779545	16	12	23	26	18	27	46	74	85	5	18	14	17	21	16	35	51	66	66	12	31.47	17	46	2.699	1.432	0.00151801131014398	0.0490557339172843	0.2036	0.2537
LOC124776662	186	263	163	532	330	376	681	621	412	400	212	306	119	424	298	485	748	555	318	934	439.95	272	608	2.233	1.159	0.00153435938556658	0.049372575956839	0.1539	0.1304
LOC124787842	648	922	1073	1102	1117	1188	1411	1711	2293	1004	740	1074	781	878	1008	1532	1551	1530	1767	2345	1320.63	896	1745	1.946	0.96	0.00154121776195344	0.049372575956839	0.1076	0.1678
LOC124795468	82	88	198	159	171	81	84	269	357	688	94	103	144	127	154	104	92	240	275	1607	294.06	124	464	3.715	1.894	0.00153761496709795	0.049372575956839	0.3972	0.1311
