Id	SPICE_S_Iso_SRR11815240	SPICE_S_Iso_SRR11815251	SPICE_S_Iso_SRR11815261	SPICE_S_Iso_SRR11815273	SPICE_S_Iso_SRR11815274	SPICE_G_Crd_SRR11815268	SPICE_G_Crd_SRR11815269	SPICE_G_Crd_SRR11815270	SPICE_G_Crd_SRR11815271	SPICE_G_Crd_SRR11815272	norm.SPICE_S_Iso_SRR11815240	norm.SPICE_S_Iso_SRR11815251	norm.SPICE_S_Iso_SRR11815261	norm.SPICE_S_Iso_SRR11815273	norm.SPICE_S_Iso_SRR11815274	norm.SPICE_G_Crd_SRR11815268	norm.SPICE_G_Crd_SRR11815269	norm.SPICE_G_Crd_SRR11815270	norm.SPICE_G_Crd_SRR11815271	norm.SPICE_G_Crd_SRR11815272	baseMean	Isolated	Crowded	FC	log2FoldChange	pvalue	padj	tagwise.dispersion	trended.dispersion
LOC124788222	906	2341	8548	5608	2191	12	27	72	74	12	1035	2728	6223	4469	1977	15	30	64	57	28	1662.67	3286	39	0.012	-6.377	1.11114816754438e-27	6.14020477385023e-24	0.253	0.1741
LOC124720060	241	261	439	411	174	1	0	1	16	0	275	304	320	328	157	1	0	1	12	0	139.8	277	3	0.013	-6.257	2.99115266536175e-24	8.26455481439451e-21	0.2496	0.1798
LOC124712054	42	53	73	96	72	1	0	1	0	0	48	62	53	77	65	1	0	1	0	0	30.65	61	0	0.009	-6.746	8.93311871611853e-24	1.97457656101084e-20	0.1712	0.2535
LOC124722326	124	194	214	249	122	3	6	9	10	0	142	226	156	198	110	4	7	8	8	0	85.82	166	5	0.036	-4.805	1.51848232217268e-23	2.39746666066464e-20	0.1654	0.2247
LOC124789136	37	230	438	142	134	0	1	0	1	0	42	268	319	113	121	0	1	0	1	0	86.51	173	0	0.003	-8.271	1.36308988070035e-23	2.39746666066464e-20	0.3093	0.2239
LOC124802700	178	225	302	553	237	13	1	12	24	4	203	262	220	441	214	17	1	11	18	9	139.63	268	11	0.043	-4.529	7.59983549036441e-21	8.39933818395074e-18	0.1875	0.1799
LOC124789650	28	176	1101	374	128	0	0	2	0	0	32	205	802	298	115	0	0	2	0	0	145.4	290	0	0.002	-9.033	2.40100461682704e-20	2.41235482047022e-17	0.4537	0.1758
LOC124788242	19	35	131	62	54	0	0	0	0	0	22	41	95	49	49	0	0	0	0	0	25.6	51	0	0.002	-8.688	2.66181887442611e-20	2.45153518334645e-17	0.2539	0.2512
LOC124789002	17	141	1150	478	133	0	1	0	0	0	19	164	837	381	120	0	1	0	0	0	152.3	304	0	0.001	-9.772	2.19720069503342e-19	1.7345330058221e-16	0.5156	0.1715
LOC124789001	14	50	75	52	72	0	0	0	1	0	16	58	55	41	65	0	0	0	1	0	23.6	47	0	0.007	-7.115	1.51650000083669e-18	1.11735720061647e-15	0.2427	0.2496
LOC124722943	27	30	49	79	44	0	0	0	0	2	31	35	36	63	40	0	0	0	0	5	20.88	41	1	0.014	-6.112	4.86319845626942e-18	3.3592543336681e-15	0.1925	0.2471
LOC124775105	115	111	138	87	94	7	0	4	6	0	131	129	100	69	85	9	0	4	5	0	53.25	103	4	0.037	-4.762	1.76551532980815e-17	1.14779267206116e-14	0.2171	0.25
LOC124798649	20	15	37	36	30	1	0	0	2	0	23	17	27	29	27	1	0	0	2	0	12.58	25	1	0.031	-4.997	1.98999680570275e-14	9.99702031664855e-12	0.1647	0.2363
LOC124777599	13337	5187	3532	4376	905	181	288	257	357	98	15231	6044	2571	3487	817	233	316	230	275	229	2943.47	5630	257	0.046	-4.454	1.46119803547686e-13	6.4596642752361e-11	0.3266	0.1884
LOC124717096	263	706	1135	674	770	38	87	126	223	19	300	823	826	537	695	49	96	113	172	44	365.48	636	95	0.151	-2.73	1.19472151629449e-11	4.00123096911718e-09	0.1669	0.1285
LOC124720174	314	131	299	607	700	6	32	49	97	32	359	153	218	484	632	8	35	44	75	75	208.05	369	47	0.128	-2.969	2.92258496971754e-09	7.51172304309728e-07	0.2495	0.1469
LOC124718938	405	356	562	244	274	107	23	44	70	24	463	415	409	194	247	138	25	39	54	56	204.08	346	62	0.181	-2.469	8.19303158503107e-09	1.96846489299486e-06	0.1895	0.1484
LOC124795556	48	56	100	98	65	6	11	18	8	9	55	65	73	78	59	8	12	16	6	21	39.27	66	13	0.184	-2.439	1.75584391086639e-08	3.8050170397834e-06	0.1612	0.2545
LOC124788214	843	508	762	1331	860	243	168	240	313	38	963	592	555	1061	776	313	185	215	241	89	498.87	789	209	0.266	-1.913	2.26120312740159e-08	4.80592633923891e-06	0.1287	0.1333
LOC124711752	16	32	47	33	53	0	1	0	1	7	18	37	34	26	48	0	1	0	1	16	18.21	33	4	0.08	-3.646	2.48309510600529e-07	4.49887985435581e-05	0.3442	0.2437
LOC124712226	27	27	109	34	23	0	0	8	5	4	31	31	79	27	21	0	0	7	4	9	20.99	38	4	0.103	-3.278	2.65648239042461e-07	4.66022910777346e-05	0.3174	0.2472
LOC124805560	395	31	706	1132	28	45	7	8	11	8	451	36	514	902	25	58	8	7	8	19	202.87	386	20	0.052	-4.274	2.8583126525172e-07	4.86001099009539e-05	0.6215	0.1485
LOC124802776	441	107	702	567	58	58	60	27	49	23	504	125	511	452	52	75	66	24	38	54	190	329	51	0.156	-2.684	4.82385282182706e-07	7.61617448383323e-05	0.292	0.1534
LOC124711290	809	323	797	847	629	89	43	229	317	17	924	376	580	675	568	115	47	205	244	40	377.39	625	130	0.21	-2.249	4.93245417742558e-07	7.6779554322405e-05	0.2159	0.1286
LOC124776394	406	394	1147	831	750	242	189	160	271	95	464	459	835	662	677	312	208	143	209	222	419.04	619	219	0.353	-1.504	8.72272553726608e-07	0.000119016743997364	0.1044	0.1296
LOC124798208	329	35	280	205	124	17	37	11	57	13	376	41	204	163	112	22	41	10	44	30	104.23	179	29	0.165	-2.603	1.48031449024769e-06	0.000190237624956016	0.2962	0.208
LOC124775601	95	65	218	221	201	46	14	32	14	14	108	76	159	176	181	59	15	29	11	33	84.72	140	29	0.207	-2.272	1.65054199077626e-06	0.000207293069114309	0.227	0.2258
LOC124805138	263	18	464	493	64	36	14	35	24	12	300	21	338	393	58	46	15	31	18	28	124.94	222	28	0.126	-2.991	1.70784707499962e-06	0.000212080065987594	0.3885	0.1905
LOC124754463	49	21	117	84	70	16	13	15	14	2	56	24	85	67	63	21	14	13	11	5	35.95	59	13	0.222	-2.174	3.07476728287956e-06	0.000369373130547661	0.2014	0.2546
LOC124721693	414	374	754	754	758	208	178	216	332	41	473	436	549	601	684	268	196	193	256	96	375.1	549	202	0.37	-1.435	3.49278950193419e-06	0.000415078597584696	0.1073	0.1286
LOC124718862	338	259	870	976	944	151	152	71	69	2	386	302	633	778	852	195	167	63	53	5	343.39	590	97	0.165	-2.603	3.71215859083047e-06	0.000436455071764451	0.3333	0.1286
LOC124719099	172	146	408	378	209	56	83	129	62	30	196	170	297	301	189	72	91	115	48	70	155	231	79	0.344	-1.538	7.26532308511533e-06	0.000779576220744608	0.1267	0.1705
LOC124716714	2044	1028	724	2038	1200	306	334	463	777	159	2334	1198	527	1624	1083	395	367	414	599	371	891.21	1353	429	0.318	-1.655	7.88980369904136e-06	0.000838443370017357	0.155	0.1547
LOC124805680	765	308	752	718	456	214	92	289	248	45	874	359	547	572	411	276	101	258	191	105	369.54	553	186	0.339	-1.563	1.26976351270863e-05	0.00127576603113235	0.1435	0.1285
LOC124798698	98	143	463	425	245	9	21	128	52	28	112	167	337	339	221	12	23	114	40	65	143	235	51	0.217	-2.205	1.48657012435612e-05	0.00145394451454724	0.2749	0.1777
LOC124712464	800	783	1534	1039	628	215	392	343	318	204	914	912	1117	828	567	277	431	307	245	476	607.38	868	347	0.399	-1.325	1.54896752975592e-05	0.00148862514250978	0.1069	0.1396
LOC124776485	85	87	119	176	135	43	37	19	24	6	97	101	87	140	122	55	41	17	18	14	69.28	109	29	0.268	-1.899	1.54469495629746e-05	0.00148862514250978	0.1972	0.2393
LOC124789606	660	151	191	507	1479	68	177	92	192	21	754	176	139	404	1334	88	194	82	148	49	336.88	561	112	0.201	-2.314	1.63161000559005e-05	0.00154124391297276	0.3104	0.1287
LOC124776648	21	63	143	38	78	18	1	5	15	0	24	73	104	30	70	23	1	4	12	0	34.25	60	8	0.139	-2.845	1.7935856906006e-05	0.00166577386995948	0.4146	0.2544
LOC124776084	55737	8785	7149	3582	5521	1678	3079	476	2882	313	63653	10237	5205	2855	4982	2164	3383	426	2221	731	9585.66	17386	1785	0.103	-3.284	2.01301499895054e-05	0.00183866460895879	0.5968	0.229
LOC124711278	9013	7777	13404	23808	18054	3540	3717	2687	7245	516	10293	9062	9759	18973	16290	4565	4084	2402	5584	1205	8221.93	12875	3568	0.277	-1.851	2.66033417488225e-05	0.00228888779041704	0.2186	0.2228
LOC124775444	384	196	417	723	409	100	108	144	251	12	439	228	304	576	369	129	119	129	193	28	251.36	383	120	0.315	-1.665	2.65140757056293e-05	0.00228888779041704	0.1744	0.1362
LOC124787932	570	115	1091	2010	1124	145	56	183	415	102	651	134	794	1602	1014	187	62	164	320	238	516.55	839	194	0.231	-2.113	2.67761988753933e-05	0.00228888779041704	0.2773	0.1343
LOC124797990	792	436	1259	993	622	210	143	443	393	30	904	508	917	791	561	271	157	396	303	70	487.87	736	239	0.327	-1.613	2.69232186712103e-05	0.00228888779041704	0.1665	0.1327
LOC124804813	743	564	1161	1466	1442	402	289	417	616	97	849	657	845	1168	1301	518	318	373	475	227	673.06	964	382	0.397	-1.332	3.01475052814498e-05	0.00252416839674685	0.1166	0.1435
LOC124789397	654	466	611	711	763	205	189	352	368	41	747	543	445	567	688	264	208	315	284	96	415.6	598	233	0.392	-1.349	3.3307045894439e-05	0.00270668728842162	0.1199	0.1295
LOC124789632	166	193	291	382	422	91	115	111	142	37	190	225	212	304	381	117	126	99	109	86	185.04	262	107	0.412	-1.279	3.68137347943124e-05	0.00296982041566964	0.1052	0.1556
LOC124720170	82	19	124	99	91	0	0	10	0	11	94	22	90	79	82	0	0	9	0	26	40.17	73	7	0.086	-3.545	4.80964047997216e-05	0.00371721304787778	0.677	0.2544
LOC124794670	112	107	145	370	1084	70	39	43	144	10	128	125	106	295	978	90	43	38	111	23	193.7	326	61	0.189	-2.403	4.86914704399e-05	0.00373707035626233	0.3721	0.1519
LOC124718922	3070	537	5455	10697	5332	506	667	1214	2089	523	3506	626	3971	8525	4811	653	733	1085	1610	1222	2674.16	4288	1061	0.247	-2.015	5.41493274911703e-05	0.00391259717242823	0.2773	0.186
LOC124722186	50	182	342	49	223	36	44	30	34	2	57	212	249	39	201	46	48	27	26	5	91.09	152	30	0.204	-2.291	5.40359016655263e-05	0.00391259717242823	0.3369	0.2198
LOC124788119	57	33	38	42	52	6	6	11	18	10	65	38	28	33	47	8	7	10	14	23	27.3	42	12	0.28	-1.836	6.47325639314576e-05	0.00444362917124515	0.1865	0.2517
LOC124789613	743	46	159	487	1403	28	97	202	90	26	849	54	116	388	1266	36	107	181	69	61	312.53	535	91	0.17	-2.553	6.77732417220325e-05	0.00462364115748088	0.435	0.1296
LOC124798344	177	199	580	478	675	122	151	58	135	6	202	232	422	381	609	157	166	52	104	14	233.95	369	99	0.269	-1.895	7.92934771762134e-05	0.00537638963037736	0.2537	0.1398
LOC124795430	112	70	163	187	142	42	38	36	78	9	128	82	119	149	128	54	42	32	60	21	81.45	121	42	0.351	-1.509	8.01404827885715e-05	0.00540068668158105	0.1537	0.2288
LOC124711250	517	634	1463	1435	1564	310	264	324	412	285	590	739	1065	1144	1411	400	290	290	318	666	691.19	990	393	0.395	-1.34	8.4576944978642e-05	0.00559727183176019	0.1327	0.1445
LOC124788080	236	317	366	382	437	48	36	240	180	15	270	369	266	304	394	62	40	215	139	35	209.39	321	98	0.309	-1.694	9.41619074696042e-05	0.00612163177267097	0.2087	0.1465
LOC124721228	41	22	59	42	40	10	6	13	19	6	47	26	43	33	36	13	7	12	15	14	24.47	37	12	0.323	-1.63	9.99049012667906e-05	0.00623808919624507	0.1493	0.25
LOC124777143	308	276	580	462	533	136	212	215	240	59	352	322	422	368	481	175	233	192	185	138	286.81	389	185	0.477	-1.069	9.86476043234078e-05	0.00623808919624507	0.0845	0.1314
LOC124805532	122	83	48	305	347	35	28	30	77	22	139	97	35	243	313	45	31	27	59	51	104.06	165	43	0.258	-1.956	0.000101033113113271	0.00623808919624507	0.2694	0.2082
LOC124711994	27	22	78	88	32	6	2	23	17	1	31	26	57	70	29	8	2	21	13	2	25.82	43	9	0.231	-2.116	0.00011947699920366	0.00721562729616857	0.2879	0.2513
LOC124802970	571	296	164	757	798	155	103	159	255	81	652	345	119	603	720	200	113	142	197	189	328.07	488	168	0.345	-1.537	0.000121303268462231	0.00724180737505172	0.1796	0.1289
LOC124776325	187	150	284	383	192	71	62	100	111	3	214	175	207	305	173	92	68	89	86	7	141.52	215	68	0.323	-1.63	0.000159179304656168	0.00911528329046618	0.2047	0.1787
LOC124798572	52	41	61	140	163	13	30	28	39	6	59	48	44	112	147	17	33	25	30	14	52.91	82	24	0.296	-1.758	0.000164843659105857	0.00929516387978535	0.2235	0.2502
LOC124777219	269	854	776	567	623	273	243	245	247	58	307	995	565	452	562	352	267	219	190	135	404.53	576	233	0.405	-1.304	0.000194206622291353	0.0105732590618918	0.1393	0.1292
LOC124789584	131	104	175	96	93	19	18	82	43	13	150	121	127	77	84	25	20	73	33	30	73.97	112	36	0.329	-1.606	0.000197539302552179	0.0107019822147386	0.1961	0.2355
LOC124805162	1165	769	2013	2434	1192	445	516	662	1056	174	1330	896	1466	1940	1076	574	567	592	814	406	966.05	1342	591	0.441	-1.182	0.000207394974169531	0.0111268410413673	0.1174	0.1577
LOC124798334	799	354	273	2164	1402	332	296	179	268	107	912	413	199	1725	1265	428	325	160	207	250	588.33	903	274	0.303	-1.72	0.000224524880109271	0.011930043148883	0.2447	0.1385
LOC124722715	41	22	49	32	36	15	8	6	16	0	47	26	36	26	32	19	9	5	12	0	21.2	33	9	0.292	-1.776	0.000250372574233487	0.0130524419359835	0.2091	0.2472
LOC124711910	224	68	272	420	349	64	135	57	100	24	256	79	198	335	315	83	148	51	77	56	159.77	237	83	0.352	-1.506	0.000261830679518635	0.0134593147443719	0.188	0.1678
LOC124802817	33	16	40	46	36	9	6	16	15	3	38	19	29	37	32	12	7	14	12	7	20.57	31	10	0.342	-1.549	0.000292182534285873	0.0147593934526896	0.1525	0.2466
LOC124795236	623	667	1212	1412	1613	361	351	631	601	190	711	777	882	1125	1455	466	386	564	463	444	727.42	990	465	0.469	-1.092	0.000296978729094458	0.0148516240450314	0.1052	0.1466
LOC124775080	93	116	483	554	391	90	106	130	111	42	106	135	352	442	353	116	116	116	86	98	191.97	278	106	0.384	-1.383	0.000344096655360837	0.0164630140045366	0.1663	0.1527
LOC124709336	288	79	578	441	517	66	71	101	81	107	329	92	421	351	466	85	78	90	62	250	222.55	332	113	0.337	-1.571	0.000351743029642324	0.016756310187961	0.2144	0.1428
LOC124711943	19	17	22	34	21	1	3	12	10	3	22	20	16	27	19	1	3	11	8	7	13.36	21	6	0.302	-1.727	0.000369707608158543	0.0172405421323553	0.1777	0.2371
LOC124802574	446	377	752	405	472	209	223	261	248	38	509	439	547	323	426	270	245	233	191	89	327.26	449	206	0.46	-1.119	0.000368151580358052	0.0172405421323553	0.1122	0.129
LOC124719754	10	50	102	68	23	8	0	19	9	5	11	58	74	54	21	10	0	17	7	12	26.48	44	9	0.21	-2.254	0.000377129567526153	0.0174394810891173	0.3862	0.2515
LOC124797889	567	551	917	888	765	321	361	372	446	75	648	642	668	708	690	414	397	333	344	175	501.73	671	333	0.497	-1.008	0.000421934064731283	0.018879414102875	0.0941	0.1334
LOC124777770	88	160	194	215	141	31	86	52	48	31	100	186	141	171	127	40	95	46	37	72	101.71	145	58	0.397	-1.333	0.000467143096838515	0.020326242150627	0.1557	0.2105
LOC124799953	1403	1187	1785	1315	905	543	401	742	870	123	1602	1383	1300	1048	817	700	441	663	671	287	891.17	1230	552	0.45	-1.152	0.000497674184595398	0.0213189732098773	0.1268	0.1547
LOC124719691	77	46	119	186	110	23	21	48	67	12	88	54	87	148	99	30	23	43	52	28	65.1	95	35	0.373	-1.422	0.000536822719858747	0.0227184044177636	0.1769	0.2424
LOC124787658	722	398	158	231	426	161	109	112	213	20	825	464	115	184	384	208	120	100	164	47	261.03	394	128	0.326	-1.619	0.000596303107027548	0.0248692148636546	0.2493	0.1347
LOC124805136	778	366	791	1536	1175	374	272	371	637	92	888	426	576	1224	1060	482	299	332	491	215	599.39	835	364	0.437	-1.196	0.000610472730202862	0.0253644534368497	0.1404	0.1391
LOC124798677	395	428	300	1406	494	297	146	244	138	30	451	499	218	1120	446	383	160	218	106	70	367.25	547	187	0.344	-1.54	0.000642529830402423	0.0264971630059984	0.2305	0.1285
LOC124781286	1380	665	1759	11582	3703	934	753	191	40	264	1576	775	1281	9230	3341	1205	827	171	31	617	1905.31	3241	570	0.176	-2.508	0.000645624484375265	0.0265258059528455	0.5797	0.1776
LOC124777463	59	89	225	194	196	38	56	32	104	10	67	104	164	155	177	49	62	29	80	23	90.9	133	49	0.369	-1.438	0.000707051011926665	0.0284784328317721	0.1956	0.22
LOC124802707	42	70	59	61	77	23	27	15	26	8	48	82	43	49	69	30	30	13	20	19	40.2	58	22	0.385	-1.375	0.000727949898843892	0.0291496459493576	0.1611	0.2545
LOC124771028	132	189	407	306	290	57	127	142	171	23	151	220	296	244	262	74	140	127	132	54	169.84	235	105	0.452	-1.144	0.000756867841743009	0.0301982071730821	0.1286	0.1624
LOC124719891	31	25	83	84	62	17	9	29	19	8	35	29	60	67	56	22	10	26	15	19	33.89	49	18	0.366	-1.448	0.000759941086257373	0.0302117585802751	0.1777	0.2543
LOC124775638	52	9	34	89	68	15	10	0	0	0	59	10	25	71	61	19	11	0	0	0	25.72	45	6	0.136	-2.876	0.000814588871323906	0.031368767267846	0.7077	0.251
LOC124802965	85	51	112	81	26	19	8	28	5	14	97	59	82	65	23	25	9	25	4	33	42.09	65	19	0.283	-1.819	0.000828067594689498	0.031667138603835	0.299	0.2542
LOC124775408	119	223	199	178	218	54	96	86	79	5	136	260	145	142	197	70	105	77	61	12	120.38	176	65	0.375	-1.416	0.000842684609373891	0.0320046402158084	0.1985	0.1943
LOC124787699	51	71	94	40	146	20	14	13	62	3	58	83	68	32	132	26	15	12	48	7	48.06	75	22	0.298	-1.749	0.000860803334751004	0.0322494862904003	0.2881	0.2524
LOC124789306	121	165	1674	176	129	40	106	95	200	26	138	192	1219	140	116	52	116	85	154	61	227.37	361	94	0.26	-1.943	0.000872194094072699	0.0323903338243778	0.3762	0.1413
LOC124795347	27	13	66	20	54	14	12	3	2	0	31	15	48	16	49	18	13	3	2	0	19.42	32	7	0.229	-2.128	0.000873086604270441	0.0323903338243778	0.3837	0.2454
LOC124776707	87	76	197	211	200	46	60	61	80	4	99	89	143	168	180	59	66	55	62	9	93.07	136	50	0.375	-1.414	0.000930104833887084	0.0341512246648507	0.1989	0.2179
LOC124777729	372	898	265	689	1256	409	33	127	169	31	425	1046	193	549	1133	527	36	114	130	72	422.65	669	176	0.263	-1.925	0.00101065012576775	0.0363834045276391	0.3814	0.1297
LOC124796540	80	132	242	65	165	33	43	45	98	6	91	154	176	52	149	43	47	40	76	14	84.16	124	44	0.36	-1.474	0.00106978201649323	0.0380168194414249	0.2205	0.2263
LOC124774109	121	1	65	163	64	11	1	4	11	14	138	1	47	130	58	14	1	4	8	33	43.44	75	12	0.154	-2.7	0.001107082202607	0.0389664729401675	0.6781	0.2539
LOC124716732	87	97	134	156	68	38	48	49	52	10	99	113	98	124	61	49	53	44	40	23	70.46	99	42	0.427	-1.226	0.00113943042086757	0.0396005817969446	0.1492	0.2384
LOC124776760	50	52	50	61	86	13	22	30	32	0	57	61	36	49	78	17	24	27	25	0	37.27	56	19	0.347	-1.527	0.00118279889523051	0.0408509168440238	0.2252	0.2546
LOC124780415	452	955	1612	1731	1368	430	454	639	728	219	516	1113	1174	1379	1234	555	499	571	561	511	811.38	1083	539	0.498	-1.006	0.00117975468695738	0.0408509168440238	0.1117	0.151
LOC124775853	250	175	361	385	256	92	75	238	148	22	286	204	263	307	231	119	82	213	114	51	186.93	258	116	0.453	-1.141	0.00123954461404187	0.042413148837123	0.1404	0.1547
LOC124711682	23	40	78	31	44	15	2	13	12	10	26	47	57	25	40	19	2	12	9	23	25.98	39	13	0.324	-1.624	0.0012919404455489	0.043532090866483	0.2382	0.2509
LOC124795499	1951	1104	3628	4332	4001	1148	717	1630	1791	333	2228	1286	2641	3452	3610	1481	788	1457	1380	778	1910.21	2643	1177	0.445	-1.167	0.00134905301547168	0.0453183402036261	0.1545	0.1776
LOC124719897	431	387	532	609	387	200	218	267	350	85	492	451	387	485	349	258	240	239	270	199	336.95	433	241	0.558	-0.842	0.00138018329803675	0.0459451379816329	0.0786	0.1287
LOC124804631	21	29	36	52	26	10	12	9	19	4	24	34	26	41	23	13	13	8	15	9	20.7	30	12	0.397	-1.331	0.00141096741819491	0.0468288645822528	0.146	0.2466
LOC124798262	1701	401	875	1679	801	260	498	437	720	51	1943	467	637	1338	723	335	547	391	555	119	705.5	1022	389	0.382	-1.387	0.00145236019395332	0.0476305188830032	0.2182	0.1454
LOC124711914	29	18	38	136	136	14	32	6	19	4	33	21	28	108	123	18	35	5	15	9	39.54	63	16	0.267	-1.907	0.00146423267210257	0.0478778091481587	0.3709	0.2545
