Id	SPICE_S_Iso_SRR11815240	SPICE_S_Iso_SRR11815251	SPICE_S_Iso_SRR11815261	SPICE_S_Iso_SRR11815273	SPICE_S_Iso_SRR11815274	SPICE_G_Crd_SRR11815268	SPICE_G_Crd_SRR11815269	SPICE_G_Crd_SRR11815270	SPICE_G_Crd_SRR11815271	SPICE_G_Crd_SRR11815272	norm.SPICE_S_Iso_SRR11815240	norm.SPICE_S_Iso_SRR11815251	norm.SPICE_S_Iso_SRR11815261	norm.SPICE_S_Iso_SRR11815273	norm.SPICE_S_Iso_SRR11815274	norm.SPICE_G_Crd_SRR11815268	norm.SPICE_G_Crd_SRR11815269	norm.SPICE_G_Crd_SRR11815270	norm.SPICE_G_Crd_SRR11815271	norm.SPICE_G_Crd_SRR11815272	baseMean	Isolated	Crowded	FC	log2FoldChange	pvalue	padj	tagwise.dispersion	trended.dispersion
LOC126271867	18	16	33	21	32	402	349	303	534	242	21	18	24	17	29	513	381	274	412	569	225.72	22	430	19.544	4.289	7.04262126879547e-35	3.9752075751716e-31	0.1008	0.1362
LOC126354515	1	0	0	1	1	273	313	103	109	215	1	0	0	1	1	348	342	93	84	505	137.57	1	274	403.688	8.657	1.30597072356851e-29	4.9143678327883e-26	0.2784	0.1673
LOC126282250	232	68	147	145	118	1298	1149	2145	2960	2609	264	78	107	116	107	1657	1255	1938	2281	6132	1393.58	134	2653	19.706	4.301	4.51031057187409e-18	8.48614934098111e-15	0.2238	0.1572
LOC126278583	0	2	1	2	0	29	37	20	74	22	0	2	1	2	0	37	40	18	57	52	20.89	1	41	39.167	5.292	1.70431600532384e-16	2.4050029230126e-13	0.2163	0.2444
LOC126282249	565	199	305	341	356	3487	2796	4969	7408	7704	644	229	221	274	323	4451	3055	4488	5709	18107	3750.15	338	7162	21.175	4.404	6.18658225342346e-16	7.7600363398775e-13	0.2683	0.1935
LOC126282005	106	56	119	86	87	402	232	537	537	277	121	64	86	69	79	513	253	485	414	651	273.62	84	463	5.508	2.462	1.43009138655666e-14	1.61443016628381e-11	0.1053	0.1287
LOC126335450	13	22	59	34	21	138	170	178	248	84	15	25	43	27	19	176	186	161	191	197	104.06	26	182	6.935	2.794	1.99322493828142e-14	2.04559239347809e-11	0.1265	0.1867
LOC126282247	121	36	59	85	87	1337	1064	1608	1881	7029	138	41	43	68	79	1707	1163	1452	1450	16521	2266.12	74	4459	60.299	5.914	3.1430156049841e-14	2.9567919303888e-11	0.4743	0.1756
LOC126282252	8	8	21	24	24	133	139	341	329	1193	9	9	15	19	22	170	152	308	254	2804	376.18	15	738	48.656	5.605	4.85471281555113e-13	4.21575792113513e-10	0.4761	0.1239
LOC126268224	24	23	21	37	18	130	109	170	311	414	27	26	15	30	16	166	119	154	240	973	176.64	23	330	14.239	3.832	5.46194682929955e-12	4.11066118373084e-09	0.2842	0.1504
LOC126278162	131	51	30	24	104	241	484	2164	2727	1477	149	59	22	19	94	308	529	1955	2102	3471	870.76	69	1673	24.385	4.608	6.73632940215248e-12	4.75290141380621e-09	0.3976	0.1405
LOC126278520	87	144	112	170	84	286	548	851	945	1049	99	166	81	137	76	365	599	769	728	2466	548.53	112	985	8.798	3.137	1.18868303033501e-11	7.8935545467364e-09	0.2151	0.1275
LOC126354441	3	1	1	2	7	35	29	30	47	12	3	1	1	2	6	45	32	27	36	28	18.11	3	34	12.405	3.633	1.33520184687841e-11	8.37394091633908e-09	0.1893	0.2458
LOC126349798	97	89	135	178	123	262	265	523	679	173	111	102	98	143	112	334	290	472	523	407	259.18	113	405	3.581	1.84	7.29841339664481e-11	4.11958944173616e-08	0.0854	0.1304
LOC126272571	115	31	49	51	39	314	145	406	603	202	131	36	36	41	35	401	158	367	465	475	214.41	56	373	6.714	2.747	2.20394075239551e-10	1.18477557875204e-07	0.1905	0.1385
LOC126273222	323	223	533	469	282	544	909	2329	2198	662	368	257	387	377	256	694	993	2104	1694	1556	868.53	329	1408	4.28	2.098	5.23259947304683e-10	2.6850370659648e-07	0.1249	0.1404
LOC126335605	142	161	104	246	64	239	787	693	1448	597	162	185	76	198	58	305	860	626	1116	1403	498.83	136	862	6.353	2.667	8.25727107490456e-10	3.88401388185823e-07	0.1973	0.1259
LOC126292113	1	9	3	5	3	18	35	30	68	25	1	10	2	4	3	23	38	27	52	59	21.99	4	40	9.723	3.281	1.53923527058314e-09	6.95057078784521e-07	0.2244	0.2438
LOC126268233	114	80	159	258	138	330	319	753	841	2049	130	92	115	207	125	421	349	680	648	4816	758.38	134	1383	10.296	3.364	5.29084353720454e-08	2.05959767901731e-05	0.3797	0.1359
LOC126336779	21	21	39	23	16	74	68	237	238	18	24	24	28	18	15	94	74	214	183	42	71.8	22	121	5.584	2.481	8.21217345699717e-08	3.09024087186804e-05	0.2131	0.2098
LOC126293425	3	6	10	4	10	24	15	80	46	164	3	7	7	3	9	31	16	72	35	385	57.01	6	108	17.487	4.128	9.87401656218013e-08	3.59573461195005e-05	0.5224	0.2241
LOC126335148	75	115	406	405	294	722	339	1313	1334	1249	85	132	295	325	267	922	370	1186	1028	2936	754.62	221	1288	5.816	2.54	1.28988869558103e-07	4.412591964974e-05	0.2463	0.1358
LOC126336417	13604	39498	18167	16566	6817	91372	109034	212654	181257	31706	15500	45474	13193	13303	6183	116625	119130	192085	139692	74521	73570.49	18731	128411	6.856	2.777	1.84640958666596e-07	5.955462235392e-05	0.2983	0.2781
LOC126291886	2	2	8	17	8	18	62	35	50	143	2	2	6	14	7	23	68	32	39	336	52.83	6	100	15.111	3.918	1.95424862123268e-07	6.12819796808214e-05	0.5036	0.2268
LOC126293283	11	9	11	21	13	25	54	57	65	54	13	10	8	17	12	32	59	51	50	127	37.89	12	64	5.227	2.386	2.28509058045748e-07	6.78852304283803e-05	0.1951	0.2352
LOC126267876	130	334	349	331	344	420	1508	697	1138	551	148	385	253	266	312	536	1648	630	877	1295	634.93	273	997	3.652	1.869	2.34957143112946e-07	6.80110561180013e-05	0.1452	0.1309
LOC126272273	6	48	17	61	27	32	112	920	308	169	7	55	12	49	24	41	122	831	237	397	177.67	29	326	10.982	3.457	2.59325512820278e-07	7.14030662006859e-05	0.437	0.149
LOC126272693	376	706	313	404	634	1016	2105	1617	2652	5164	428	813	227	324	575	1297	2300	1461	2044	12137	2160.64	473	3848	8.122	3.022	2.59266449542926e-07	7.14030662006859e-05	0.3537	0.1738
LOC126355696	28	6	15	23	146	192	202	150	857	2611	32	7	11	18	132	245	221	135	660	6137	759.91	40	1480	36.736	5.199	2.67949461440593e-07	7.20209873857822e-05	0.8543	0.1359
LOC126282256	6	24	78	93	45	100	138	217	346	840	7	28	57	75	41	128	151	196	267	1974	292.2	42	543	13.023	3.703	3.43429799174496e-07	8.62356289208617e-05	0.5053	0.1273
LOC126344538	122	84	162	163	256	277	303	540	550	193	139	97	118	131	232	354	331	488	424	454	276.63	143	410	2.857	1.515	3.4375084608369e-07	8.62356289208617e-05	0.0974	0.1283
LOC126281827	69	216	514	529	228	704	433	3752	2259	475	79	249	373	425	207	899	473	3389	1741	1116	895.03	267	1524	5.713	2.514	4.05576860401866e-07	9.74161101505674e-05	0.2632	0.1415
LOC126356215	78	80	167	188	111	275	274	397	426	84	89	92	121	151	101	351	299	359	328	197	208.86	111	307	2.77	1.47	6.13209387601508e-07	0.000138450415532669	0.0949	0.1396
LOC126323134	3	2	27	9	5	29	75	32	45	72	3	2	20	7	5	37	82	29	35	169	38.89	7	70	8.941	3.16	6.58618420477098e-07	0.000142983525937807	0.3738	0.235
LOC126365760	139	142	241	245	320	238	686	962	2164	175	158	163	175	197	290	304	750	869	1668	411	498.52	197	800	4.07	2.025	6.56359652391966e-07	0.000142983525937807	0.1823	0.1259
LOC126355817	34	35	118	94	68	111	90	373	393	142	39	40	86	75	62	142	98	337	303	334	151.54	60	243	3.991	1.997	7.41721886095514e-07	0.000157986761738345	0.1738	0.1595
LOC126284446	113	93	271	176	153	250	218	647	733	1233	129	107	197	141	139	319	238	584	565	2898	531.73	143	921	6.439	2.687	9.13510285310242e-07	0.000187502138379406	0.3146	0.1269
LOC126272901	77	41	82	107	81	158	107	211	366	166	88	47	60	86	73	202	117	191	282	390	153.53	71	236	3.319	1.731	1.61885589150529e-06	0.000320618669459705	0.14	0.1588
LOC126332261	274	149	118	510	111	296	3628	1035	1056	404	312	172	86	410	101	378	3964	935	814	950	811.97	216	1408	6.52	2.705	1.76504340182316e-06	0.000337721609545451	0.3372	0.1382
LOC126294994	114	164	126	337	214	1892	4382	244	292	241	130	189	92	271	194	2415	4788	220	225	566	908.94	175	1643	9.384	3.23	2.37097230968729e-06	0.000438785350886226	0.4722	0.142
LOC126282035	646	611	773	1186	616	1049	3773	2371	2476	651	736	703	561	952	559	1339	4122	2142	1908	1530	1455.31	702	2208	3.144	1.653	3.01269396011993e-06	0.000533230141974932	0.1421	0.1589
LOC126272525	17	21	28	32	23	46	47	93	92	149	19	24	20	26	21	59	51	84	71	350	72.56	22	123	5.469	2.451	3.22328141347197e-06	0.000559809598102847	0.2798	0.2117
LOC126354320	41	153	262	233	260	198	128	1103	1022	5624	47	176	190	187	236	253	140	996	788	13218	1623.1	167	3079	18.389	4.201	4.55328584802263e-06	0.000755912410857757	0.775	0.1629
LOC126355818	17	2	55	73	51	211	65	424	129	105	19	2	40	59	46	269	71	383	99	247	123.6	33	214	6.356	2.668	5.15596743538255e-06	0.000843561106928023	0.3535	0.1742
LOC126356062	74	80	177	154	150	90	77	118	218	23812	84	92	129	124	136	115	84	107	168	55967	5700.53	113	11288	99.824	6.641	5.7077356234643e-06	0.000920494677904122	1.5719	0.2069
LOC126354284	17	66	85	59	38	77	78	291	279	138	19	76	62	47	34	98	85	263	215	324	122.47	48	197	4.103	2.037	6.19966387614945e-06	0.000972055631914599	0.2159	0.175
LOC126356230	122	180	291	323	121	734	270	570	650	181	139	207	211	259	110	937	295	515	501	425	359.98	185	535	2.882	1.527	1.07773402426423e-05	0.00164412694593498	0.1352	0.1241
LOC126267514	18	94	24	13	88	150	209	341	443	61	21	108	17	10	80	191	228	308	341	143	144.9	47	242	5.154	2.366	1.11424822103949e-05	0.00166028120639823	0.306	0.1623
LOC126323151	24	88	102	158	69	172	385	165	244	177	27	101	74	127	63	220	421	149	188	416	178.55	78	279	3.532	1.821	1.11773736988454e-05	0.00166028120639823	0.1872	0.1489
LOC126336645	51	57	40	55	33	74	365	77	154	130	58	66	29	44	30	94	399	70	119	306	121.39	45	198	4.344	2.119	1.15271246347809e-05	0.00168999623379275	0.2475	0.1759
LOC126267358	0	1	39	20	4	36	33	111	243	53	0	1	28	16	4	46	36	100	187	125	54.33	10	99	9.686	3.276	1.18423970074023e-05	0.0017126844089733	0.5401	0.2234
LOC126284315	8	34	7	5	15	77	327	9	522	11	9	39	5	4	14	98	357	8	402	26	96.28	14	178	12.626	3.658	1.19853014712455e-05	0.0017126844089733	0.6609	0.1913
LOC126336183	354	213	425	450	380	611	796	1154	1480	173	403	245	309	361	345	780	870	1042	1141	407	590.24	333	848	2.553	1.352	1.28055551192126e-05	0.00180702389675989	0.1095	0.1292
LOC126306808	7	12	36	33	34	15	30	74	73	654	8	14	26	26	31	19	33	67	56	1537	181.74	21	342	16.069	4.006	1.92549369376778e-05	0.00261790816611036	0.8178	0.1495
LOC126355921	1204	998	2439	1701	1031	2132	2603	3070	5051	3726	1372	1149	1771	1366	935	2721	2844	2773	3893	8757	2758.15	1319	4198	3.182	1.67	2.30574800376901e-05	0.00302669642029632	0.1769	0.1829
LOC126272289	43	88	92	62	97	137	127	207	195	249	49	101	67	50	88	175	139	187	150	585	159.1	71	247	3.457	1.789	2.47455992021381e-05	0.00315610435232158	0.1956	0.1568
LOC126313190	16	20	19	11	22	11	24	7	10	1926	18	23	14	9	20	14	26	6	8	4527	466.49	17	916	54.282	5.762	2.48820344899123e-05	0.00315610435232158	1.4811	0.1248
LOC126268959	249	249	241	322	213	368	351	735	670	369	284	287	175	259	193	470	384	664	516	867	409.79	240	580	2.42	1.275	2.55874573212336e-05	0.0031845805801348	0.1039	0.124
LOC126354299	5	17	2	15	17	3	139	74	222	25	6	20	1	12	15	4	152	67	171	59	50.66	11	91	8.354	3.062	2.56707266181474e-05	0.0031845805801348	0.5152	0.2256
LOC126267280	395	680	798	673	407	827	961	1682	1359	1077	450	783	580	540	369	1056	1050	1519	1047	2531	992.56	544	1441	2.644	1.403	2.89905842891761e-05	0.00351908286065064	0.1289	0.145
LOC126301292	15	15	38	18	79	18	32	59	280	813	17	17	28	14	72	23	35	53	216	1911	238.59	30	448	15.005	3.907	3.00648817166497e-05	0.00361066435850275	0.8259	0.1345
LOC126298041	115	181	135	119	128	250	305	286	305	207	131	208	98	96	116	319	333	258	235	487	228.14	130	326	2.511	1.328	3.11145684370167e-05	0.00362115838232455	0.1128	0.1356
LOC126335147	177	262	361	328	331	548	651	525	452	929	202	302	262	263	300	699	711	474	348	2183	574.59	266	883	3.314	1.729	3.29890680070767e-05	0.00376175342153423	0.1946	0.1285
LOC126267292	389	384	392	547	278	430	689	1078	1088	906	443	442	285	439	252	549	753	974	839	2129	710.47	372	1049	2.813	1.492	3.74838171470724e-05	0.00414857658601274	0.1491	0.134
LOC126272684	7	5	41	22	13	17	16	79	491	38	8	6	30	18	12	22	17	71	378	89	65.12	15	115	7.811	2.966	3.84507199266335e-05	0.00421427356555112	0.5185	0.2148
LOC126266629	198	336	344	128	233	413	526	650	753	282	226	387	250	103	211	527	575	587	580	663	410.85	235	586	2.494	1.319	4.15020580094636e-05	0.00450496858527725	0.1174	0.124
LOC126281715	64	115	56	47	32	189	223	206	216	67	73	132	41	38	29	241	244	186	166	157	130.77	63	199	3.201	1.678	4.2561646651084e-05	0.00453281536834044	0.1823	0.1699
LOC126282253	3	1	18	12	11	19	23	25	37	65	3	1	13	10	10	24	25	23	29	153	29.05	7	51	6.389	2.676	4.24184062385635e-05	0.00453281536834044	0.4069	0.2409
LOC126284300	2241	6526	10849	5343	4123	6348	7680	17803	22963	60591	2553	7513	7879	4290	3739	8102	8391	16081	17697	142411	21865.83	5195	38536	7.417	2.891	4.34829964722076e-05	0.0045876593193902	0.5208	0.2441
LOC126332220	116	77	69	376	78	136	1872	442	580	149	132	89	50	302	71	174	2045	399	447	350	405.9	129	683	5.303	2.407	4.53710012705994e-05	0.00474252993836849	0.3743	0.124
LOC126355038	627	692	860	1240	685	1683	959	3650	2316	638	714	797	625	996	621	2148	1048	3297	1785	1500	1352.99	751	1956	2.606	1.382	4.75665135733034e-05	0.00492640708008278	0.1328	0.1562
LOC126284272	101	88	180	136	148	167	183	315	349	155	115	101	131	109	134	213	200	285	269	364	192.15	118	266	2.243	1.166	4.80748703400314e-05	0.00493379282971467	0.0904	0.1444
LOC126335709	118	111	169	511	151	141	1093	666	594	426	134	128	123	410	137	180	1194	602	458	1001	436.71	186	687	3.677	1.878	5.06136473709596e-05	0.00510158451045324	0.239	0.1243
LOC126267269	152	100	168	143	156	203	131	403	433	580	173	115	122	115	141	259	143	364	334	1363	312.98	133	493	3.68	1.88	5.53238725345532e-05	0.00547851927230325	0.2403	0.1257
LOC126284500	24	77	53	46	62	98	136	125	130	160	27	89	38	37	56	125	149	113	100	376	111.05	49	173	3.457	1.79	5.51386458498096e-05	0.00547851927230325	0.2113	0.1828
LOC126277894	11	28	28	22	28	24	8	157	304	105	13	32	20	18	25	31	9	142	234	247	77.04	22	133	6.086	2.605	5.66475087532422e-05	0.00556081501143783	0.4293	0.2071
LOC126291604	119	83	365	365	242	197	186	749	930	1792	136	96	265	293	219	251	203	677	717	4212	706.86	202	1212	5.993	2.583	5.98360935064078e-05	0.00579381404803306	0.4407	0.1338
LOC126336231	6	7	51	40	38	36	35	68	113	343	7	8	37	32	34	46	38	61	87	806	115.74	24	208	8.621	3.108	6.0047501427927e-05	0.00579381404803306	0.601	0.1814
LOC126282243	118	33	146	128	71	284	101	187	233	581	134	38	106	103	64	362	110	169	180	1366	263.25	89	437	4.881	2.287	6.14209224625932e-05	0.00580739459976635	0.3509	0.1303
LOC126282254	8	12	34	27	11	27	30	39	26	299	9	14	25	22	10	34	33	35	20	703	90.45	16	165	10.211	3.352	6.16394816529626e-05	0.00580739459976635	0.6832	0.1999
LOC126298650	61	492	406	124	208	532	1577	852	848	307	70	566	295	100	189	679	1723	770	654	722	576.58	244	910	3.731	1.9	6.51057539100279e-05	0.00607420542058103	0.2521	0.1286
LOC126336491	24	4	24	11	23	57	50	38	117	18	27	5	17	9	21	73	55	34	90	42	37.33	16	59	3.723	1.896	6.82433790673458e-05	0.00607540499145004	0.2243	0.2347
LOC126354550	112	396	571	362	699	297	158	1340	2010	8602	128	456	415	291	634	379	173	1210	1549	20218	2545.19	385	4706	12.229	3.612	6.80838631837278e-05	0.00607540499145004	0.8029	0.1799
LOC126278127	113	113	90	115	125	146	468	123	237	481	129	130	65	92	113	186	511	111	183	1131	265.19	106	424	3.99	1.996	7.41143492987941e-05	0.0065365381971413	0.2782	0.1299
LOC126278346	163	183	277	180	229	229	269	475	578	582	186	211	201	145	208	292	294	429	445	1368	377.84	190	566	2.967	1.569	7.79832532628707e-05	0.0067719457391119	0.1775	0.1239
LOC126291424	37	48	119	191	80	83	80	262	330	848	42	55	86	153	73	106	87	237	254	1993	308.72	82	535	6.499	2.7	7.74349091352225e-05	0.0067719457391119	0.4895	0.1261
LOC126272572	5333	1606	2798	2108	435	13739	11302	24392	12881	979	6076	1849	2032	1693	395	17536	12349	22033	9927	2301	7618.99	2409	12829	5.326	2.413	7.96265558378849e-05	0.00683951908074833	0.4048	0.2154
LOC126336731	5	18	16	16	10	13	37	302	2	134	6	21	12	13	9	17	40	273	2	315	70.63	12	129	10.651	3.413	8.0578974022458e-05	0.00683951908074833	0.7235	0.2128
LOC126328249	500	627	968	661	647	702	957	1897	1708	1406	570	722	703	531	587	896	1046	1714	1316	3305	1138.82	623	1655	2.656	1.409	8.59076841741366e-05	0.00723740184061065	0.1479	0.1499
LOC126282268	400	628	1046	818	1042	698	911	2008	2350	5929	456	723	760	657	945	891	995	1814	1811	13935	2298.68	708	3889	5.49	2.457	8.88774111877731e-05	0.00743212662887978	0.4234	0.1761
LOC126345116	5	37	60	56	42	34	97	79	160	321	6	43	44	45	38	43	106	71	123	754	127.34	35	219	6.209	2.634	9.96879672649692e-05	0.00821443403251268	0.4768	0.1737
LOC126284397	14	9	19	8	23	31	19	51	69	31	16	10	14	6	21	40	21	46	53	73	29.98	13	47	3.395	1.763	0.00010520910490109	0.00844254518922762	0.1949	0.2395
LOC126334545	442	314	430	344	1152	1046	770	1181	1968	1201	504	362	312	276	1045	1335	841	1067	1517	2823	1008.11	500	1517	3.032	1.6	0.000106770328270239	0.00848824109748403	0.194	0.1455
LOC126334614	110	212	175	75	82	275	299	378	386	126	125	244	127	60	74	351	327	341	297	296	224.38	126	322	2.563	1.358	0.000109798024649949	0.00866790140051244	0.1377	0.1362
LOC126335724	358	608	628	634	461	582	987	1109	1233	1717	408	700	456	509	418	743	1078	1002	950	4036	1030	498	1562	3.13	1.646	0.00011249462951176	0.00875828877626383	0.2061	0.1462
LOC126267420	25	13	26	5	13	24	38	66	48	108	28	15	19	4	12	31	42	60	37	254	50.07	16	85	5.325	2.413	0.000114308619468134	0.00883856167928609	0.3953	0.2281
LOC126282076	8	6	6	19	11	24	20	39	25	30	9	7	4	15	10	31	22	35	19	71	22.31	9	36	3.737	1.902	0.000126460053692331	0.00964599693332923	0.2213	0.2438
LOC126293423	18	22	16	17	22	18	18	130	134	46	21	25	12	14	20	23	20	117	103	108	46.25	18	74	4.08	2.029	0.00013000733520046	0.00965561057288155	0.2866	0.2292
LOC126332318	53	25	2	45	8	71	691	15	151	104	60	29	1	36	7	91	755	14	116	244	135.4	27	244	9.105	3.187	0.000129418921717997	0.00965561057288155	0.6923	0.1677
LOC126336120	4	14	31	21	14	17	25	55	76	92	5	16	23	17	13	22	27	50	59	216	44.62	15	75	4.978	2.315	0.000128211818720291	0.00965561057288155	0.3698	0.2315
LOC126332302	229	89	15	124	51	198	2420	73	494	286	261	102	11	100	46	253	2644	66	381	672	453.58	104	803	7.725	2.95	0.00013179388820859	0.00972432159468479	0.6136	0.1247
LOC126268096	10	9	22	13	15	28	28	58	91	6	11	10	16	10	14	36	31	52	70	14	26.47	12	41	3.319	1.731	0.000134149146470438	0.00983382931496604	0.1937	0.2407
LOC126355501	18	1	22	24	32	25	12	33	139	305	21	1	16	19	29	32	13	30	107	717	98.47	17	180	10.307	3.366	0.000135574581365545	0.0098742028970041	0.7617	0.1936
LOC126336548	13	15	37	44	8	22	41	117	65	114	15	17	27	35	7	28	45	106	50	268	59.81	20	99	4.785	2.258	0.000137388719687957	0.00994218754203426	0.3631	0.2208
LOC126273163	82	111	126	165	180	177	326	212	256	248	93	128	92	132	163	226	356	191	197	583	216.23	122	311	2.538	1.344	0.000140795483846704	0.0101238230391429	0.139	0.1382
LOC126268220	43	75	86	39	63	83	109	171	157	129	49	86	62	31	57	106	119	154	121	303	108.99	57	161	2.788	1.479	0.000163665122436348	0.0114089390193274	0.1663	0.1838
LOC126284858	96	177	231	142	168	468	411	319	290	96	109	204	168	114	152	597	449	288	223	226	253.1	149	357	2.388	1.256	0.000163436651310575	0.0114089390193274	0.125	0.1312
LOC126335750	106	131	161	267	113	135	225	331	118	2068	121	151	117	214	102	172	246	299	91	4861	637.4	141	1134	8.02	3.004	0.000163721155206931	0.0114089390193274	0.6527	0.1309
LOC126365834	125	595	765	529	312	378	240	7483	920	2117	142	685	556	425	283	482	262	6759	709	4976	1527.94	418	2638	6.305	2.657	0.000163582374615436	0.0114089390193274	0.5266	0.1607
LOC126336547	62	47	76	139	56	69	23	373	442	391	71	54	55	112	51	88	25	337	341	919	205.21	69	342	4.97	2.313	0.000166744689347492	0.0115483484542566	0.4056	0.1412
LOC126268116	22	49	32	21	23	53	52	111	123	42	25	56	23	17	21	68	57	100	95	99	56.07	28	84	2.952	1.562	0.00017014553347674	0.0117120300452373	0.177	0.2222
LOC126267550	315	2891	2739	869	1209	2166	5634	4771	5595	5533	359	3328	1989	698	1097	2765	6156	4310	4312	13005	3801.71	1494	6110	4.088	2.031	0.000183228424986591	0.0125361556949917	0.3279	0.194
LOC126281584	7	5	22	19	12	46	43	10	61	22	8	6	16	15	11	59	47	9	47	52	26.93	11	43	3.704	1.889	0.000185135160911105	0.0125903062140088	0.245	0.2411
LOC126281273	71	62	80	49	118	85	89	243	219	270	81	71	58	39	107	108	97	219	169	635	158.53	71	246	3.422	1.775	0.000187815782218451	0.0126205497944291	0.2476	0.1571
LOC126284306	17290	15421	27785	23977	13077	22627	24355	74655	67379	45083	19699	17754	20178	19254	11860	28881	26610	67434	51928	105962	36955.98	17749	56163	3.164	1.662	0.000202081247595273	0.0132633442099013	0.2279	0.2586
LOC126334907	186	294	303	224	241	290	350	609	647	286	212	338	220	180	219	370	382	550	499	672	364.24	234	495	2.114	1.08	0.000201423690434278	0.0132633442099013	0.096	0.124
LOC126335543	14	30	52	22	36	54	52	99	70	64	16	35	38	18	33	69	57	89	54	150	55.81	28	84	2.976	1.573	0.000225794326372678	0.0144010855955998	0.1874	0.2229
LOC126284447	14	12	22	36	25	6	14	132	128	163	16	14	16	29	23	8	15	119	99	383	72.13	20	125	6.316	2.659	0.00023250894881544	0.0146636509674721	0.5355	0.2121
LOC126334853	47	378	209	99	90	300	1359	535	462	180	54	435	152	79	82	383	1485	483	356	423	393.18	160	626	3.908	1.967	0.000231791082719722	0.0146636509674721	0.316	0.1239
LOC126294962	451	618	648	1043	425	563	1012	1352	1860	1822	514	712	471	838	385	719	1106	1221	1433	4282	1168.03	584	1752	2.998	1.584	0.000242453156428717	0.0150387564995813	0.2123	0.1508
LOC126336938	117	188	309	457	253	163	246	513	505	2744	133	216	224	367	229	208	269	463	389	6449	894.94	234	1556	6.635	2.73	0.000247727064095318	0.0152819170850932	0.5843	0.1413
LOC126313189	24	10	33	19	24	90	13	19	23	306	27	12	24	15	22	115	14	17	18	719	98.3	20	177	8.736	3.127	0.000251748974542243	0.015362130668148	0.7294	0.1939
LOC126295330	47	68	90	76	49	162	135	180	183	31	54	78	65	61	44	207	148	163	141	73	103.34	60	146	2.426	1.278	0.000261935057122101	0.0158127532612374	0.1324	0.1867
LOC126365913	209	128	309	402	318	231	173	248	526	4065	238	147	224	323	288	295	189	224	405	9554	1188.86	244	2133	8.726	3.125	0.000261173200290732	0.0158127532612374	0.7467	0.1513
LOC126266827	52	14	48	57	33	109	107	241	67	27	59	16	35	46	30	139	117	218	52	63	77.47	37	118	3.17	1.665	0.000269307819416962	0.0161713615606281	0.2238	0.2059
LOC126267478	1179	3273	2206	3525	1378	1703	7712	6390	20273	2055	1343	3768	1602	2831	1250	2174	8426	5772	15624	4830	4761.97	2159	7365	3.412	1.771	0.000289702571305712	0.0169513298235473	0.2701	0.2013
LOC126267547	33	19	71	165	157	71	69	151	363	893	38	22	52	132	142	91	75	136	280	2099	306.7	77	536	6.913	2.789	0.000289714608206362	0.0169513298235473	0.6178	0.1262
LOC126267627	43	97	50	121	39	114	163	316	70	224	49	112	36	97	35	146	178	285	54	526	151.9	66	238	3.593	1.845	0.000288024223028033	0.0169513298235473	0.2835	0.16
LOC126365833	2798	4771	2977	4463	3127	5441	4049	13096	14391	5203	3188	5493	2162	3584	2836	6945	4424	11829	11091	12229	6378.04	3453	9304	2.695	1.43	0.000289062134880126	0.0169513298235473	0.1796	0.2103
LOC126291991	70	80	93	92	69	181	306	129	171	52	80	92	68	74	63	231	334	117	132	122	131.17	75	187	2.495	1.319	0.000299915368850894	0.0174522917472048	0.1462	0.1695
LOC126355798	1663	2513	3707	4998	3420	3356	2907	6456	6180	29368	1895	2893	2692	4013	3102	4284	3176	5832	4763	69026	10167.5	2919	17416	5.966	2.577	0.000311523842673499	0.0180348341535442	0.5458	0.2235
LOC126282159	22	22	43	60	38	41	62	96	114	66	25	25	31	48	34	52	68	87	88	155	61.4	33	90	2.691	1.428	0.000325661710055318	0.0187571175755841	0.1639	0.2186
LOC126266796	116	112	219	155	275	194	140	366	404	1017	132	129	159	124	249	248	153	331	311	2390	422.69	159	687	4.309	2.107	0.000333505327277392	0.0191113788813933	0.3789	0.1241
LOC126293537	10	22	6	25	20	12	110	53	107	17	11	25	4	20	18	15	120	48	82	40	38.51	16	61	3.883	1.957	0.000371008517223944	0.0210468098037242	0.3085	0.2339
LOC126284129	94	172	168	262	222	204	212	309	434	851	107	198	122	210	201	260	232	279	334	2000	394.46	168	621	3.689	1.883	0.000373848279553197	0.0211018661393802	0.3117	0.1239
LOC126284748	95	427	797	898	591	245	436	1846	1654	5035	108	492	579	721	536	313	476	1667	1275	11834	1800.11	487	3113	6.385	2.675	0.000378848243066528	0.0212499546731751	0.5998	0.1669
LOC126355146	359	538	621	521	560	589	729	1160	932	1254	409	619	451	418	508	752	797	1048	718	2947	866.74	481	1252	2.599	1.378	0.000380236588181536	0.0212499546731751	0.1727	0.1403
LOC126334681	25	29	69	126	69	45	45	178	239	370	28	33	50	101	63	57	49	161	184	870	159.7	55	264	4.748	2.247	0.000384609614535059	0.021388462751164	0.4313	0.1571
LOC126273131	284	249	420	172	255	304	313	795	522	917	324	287	305	138	231	388	342	718	402	2155	529.03	257	801	3.111	1.637	0.000390298523012099	0.0215984315013901	0.2409	0.1268
LOC126332098	1512	913	188	1137	569	594	13060	1122	6359	1242	1723	1051	137	913	516	758	14269	1013	4901	2919	2820.03	868	4772	5.499	2.459	0.000407098821528372	0.022201635730598	0.5215	0.1837
LOC126334768	118	184	176	100	172	195	217	356	396	170	134	212	128	80	156	249	237	322	305	400	222.27	142	303	2.128	1.089	0.000406376785854157	0.022201635730598	0.1063	0.1367
LOC126335165	19	10	8	12	27	56	52	52	93	4	22	12	6	10	24	71	57	47	72	9	32.94	15	51	3.562	1.833	0.000405069147365632	0.022201635730598	0.2694	0.2372
LOC126276148	550	631	1369	1615	932	886	1125	2399	2139	4521	627	726	994	1297	845	1131	1229	2167	1648	10626	2129.1	898	3360	3.74	1.903	0.000423456795830239	0.0228727453020458	0.3267	0.1732
LOC126277903	147	102	168	182	164	253	199	348	329	110	167	117	122	146	149	323	217	314	254	259	206.86	140	273	1.948	0.962	0.000422162018755074	0.0228727453020458	0.0825	0.1402
LOC126335546	9	26	23	30	115	61	74	77	99	340	10	30	17	24	104	78	81	70	76	799	128.9	37	221	5.902	2.561	0.000436233041308155	0.0233395014375723	0.5569	0.173
LOC126284413	70	134	156	100	79	167	175	263	236	102	80	154	113	80	72	213	191	238	182	240	156.28	100	213	2.129	1.09	0.000443525971733303	0.0236177579947984	0.1058	0.1573
LOC126293406	102	161	249	129	186	222	227	288	294	458	116	185	181	104	169	283	248	260	227	1076	284.93	151	419	2.76	1.465	0.000448479996806109	0.0237694398307238	0.1964	0.1277
LOC126342701	146	169	241	201	169	254	242	310	369	218	166	195	175	161	153	324	264	280	284	512	251.6	170	333	1.948	0.962	0.000476354948039641	0.0248961620760162	0.0849	0.1315
LOC126354796	7	14	10	7	7	26	24	20	22	18	8	16	7	6	6	33	26	18	17	42	18.01	9	27	3.101	1.633	0.000508646499280536	0.0264613379280091	0.1854	0.2461
LOC126355786	22	21	35	26	18	31	35	60	76	51	25	24	25	21	16	40	38	54	59	120	42.23	22	62	2.719	1.443	0.000526735416427589	0.0270495735793447	0.172	0.2322
LOC126284271	1508	1052	6181	1946	1348	3520	4115	7055	6069	3000	1718	1211	4489	1563	1223	4493	4496	6373	4677	7051	3729.32	2041	5418	2.654	1.408	0.00054816698220201	0.0278750318111644	0.1917	0.1934
LOC126328190	7	24	34	29	21	23	18	111	125	46	8	28	25	23	19	29	20	100	96	108	45.64	21	71	3.41	1.77	0.000552828733829942	0.027986025005409	0.2727	0.2296
LOC126332162	933	592	408	2941	485	950	12266	2837	4830	592	1063	682	296	2362	440	1213	13402	2563	3722	1391	2713.32	969	4458	4.603	2.203	0.000567113273587849	0.0285809899354162	0.4487	0.1823
LOC126272758	83	150	110	75	100	163	259	206	217	112	95	173	80	60	91	208	283	186	167	263	160.57	100	221	2.225	1.154	0.000575528625667752	0.028748418828156	0.1243	0.1556
LOC126335883	159	166	293	253	229	294	255	353	493	237	181	191	213	203	208	375	279	319	380	557	290.56	199	382	1.909	0.933	0.000573352975819653	0.028748418828156	0.0828	0.1271
LOC126354789	275	172	367	345	266	327	294	605	704	364	313	198	267	277	241	417	321	546	543	856	397.93	259	537	2.064	1.046	0.000578810045960847	0.0287849630345903	0.1057	0.1239
LOC126267981	6	3	10	11	26	17	15	62	29	37	7	3	7	9	24	22	16	56	22	87	25.34	10	41	3.928	1.974	0.00062041128000682	0.0307185216666535	0.3245	0.2422
LOC126284729	170	554	277	225	125	115	1118	1208	1807	261	194	638	201	181	113	147	1222	1091	1393	613	579.23	265	893	3.37	1.753	0.000628627026837314	0.0309893908557486	0.2959	0.1288
LOC126354154	86	261	208	226	205	286	559	399	500	112	98	300	151	181	186	365	611	360	385	263	290.17	183	397	2.169	1.117	0.000648773660061796	0.0317056530235395	0.122	0.1271
LOC126268023	36	138	60	46	58	71	116	136	164	417	41	159	44	37	53	91	127	123	126	980	177.97	67	289	4.326	2.113	0.00067979018690132	0.0327955188885855	0.4204	0.15
LOC126277367	407	394	536	589	467	417	585	730	927	2254	464	454	389	473	424	532	639	659	714	5298	1004.61	441	1568	3.555	1.83	0.000704629283163672	0.0338491913941902	0.3279	0.1453
LOC126292309	82	110	129	178	138	131	208	218	249	275	93	127	94	143	125	167	227	197	192	646	201.15	116	286	2.438	1.286	0.000720599989046859	0.0344357969505826	0.1622	0.1421
LOC126299011	551	534	640	807	536	575	512	1502	1870	1285	628	615	465	648	486	734	559	1357	1441	3020	995.3	568	1422	2.5	1.322	0.000722941259393045	0.0344357969505826	0.1764	0.1451
LOC126299241	18	18	12	14	12	14	393	37	50	1	21	21	9	11	11	18	429	33	39	2	59.36	15	104	7.24	2.856	0.000738857589728265	0.0350460644136234	0.7265	0.2193
LOC126278137	1613	1460	3657	4267	2400	6459	2999	11607	12918	802	1838	1681	2656	3426	2177	8244	3277	10484	9956	1885	4562.34	2356	6769	2.874	1.523	0.000753547259966271	0.0355932845931349	0.2346	0.2
LOC126353933	642	914	1086	1122	1113	1186	1441	1721	2331	1006	731	1052	789	901	1009	1514	1574	1555	1796	2364	1328.65	896	1761	1.963	0.973	0.000768109881775683	0.0359800516820153	0.0978	0.1555
LOC126355508	80	15	61	70	92	23	19	24	87	1505	91	17	44	56	83	29	21	22	67	3537	396.85	58	735	12.534	3.648	0.000777640823854775	0.036275980415275	1.1433	0.1239
LOC126350814	1115	1408	2063	2240	2917	2031	2096	3021	4818	8963	1270	1621	1498	1799	2646	2592	2290	2729	3713	21066	4122.46	1767	6478	3.665	1.874	0.000795038912853992	0.0369349559144392	0.3508	0.1967
LOC126295494	396	588	916	1049	773	561	980	1275	1448	3172	451	677	665	842	701	716	1071	1152	1116	7455	1484.66	667	2302	3.446	1.785	0.000800157503193321	0.037020401858809	0.3198	0.1596
LOC126283252	19	61	57	23	8	149	265	130	146	3	22	70	41	18	7	190	290	117	113	7	87.57	32	143	4.52	2.176	0.000845486244687204	0.038799569984853	0.4554	0.198
LOC126272320	146	9	7	17	47	339	69	158	272	162	166	10	5	14	43	433	75	143	210	381	147.93	48	248	5.22	2.384	0.00087296963466096	0.0398986000230266	0.5474	0.1616
LOC126293501	144	142	283	221	220	138	108	436	527	1104	164	163	206	177	200	176	118	394	406	2595	459.9	182	738	4.042	2.015	0.00088244625866016	0.0401690960242522	0.4064	0.1248
LOC126267952	27	45	41	33	45	54	83	98	108	31	31	52	30	26	41	69	91	89	83	73	58.39	36	81	2.263	1.178	0.000889767937229592	0.0402223814837233	0.1283	0.2203
LOC126284231	113	315	247	380	199	231	297	545	487	996	129	363	179	305	180	295	325	492	375	2341	498.43	231	766	3.302	1.723	0.000894862292721781	0.0402223814837233	0.3031	0.1258
LOC126365875	121	83	144	91	75	136	253	281	148	96	138	96	105	73	68	174	276	254	114	226	152.26	96	209	2.177	1.123	0.000897868733625501	0.0402223814837233	0.1266	0.1591
LOC126320178	38	62	93	142	95	63	75	141	170	542	43	71	68	114	86	80	82	127	131	1274	207.7	76	339	4.402	2.138	0.000923335423981365	0.0411997375546468	0.4539	0.141
LOC126298731	11	31	30	7	3	42	43	43	52	44	13	36	22	6	3	54	47	39	40	103	36.13	16	57	3.578	1.839	0.000933875506628544	0.041343218016979	0.314	0.2362
LOC126281604	41	45	44	17	39	31	45	238	182	45	47	52	32	14	35	40	49	215	140	106	72.92	36	110	3.08	1.623	0.000953834255930566	0.0420618551375006	0.2603	0.2094
LOC126336713	591	793	4332	2344	950	2814	1838	6159	5999	2063	673	913	3146	1882	862	3592	2008	5563	4623	4849	2811.15	1495	4127	2.759	1.464	0.000970458697894211	0.042628436733571	0.2268	0.1836
LOC126322885	288	375	693	749	668	447	348	900	1162	3478	328	432	503	601	606	571	380	813	896	8175	1330.43	494	2167	4.381	2.131	0.000975402422678794	0.0426795269365151	0.4608	0.1555
LOC126335571	11	8	27	11	10	30	33	76	36	4	13	9	20	9	9	38	36	69	28	9	23.94	12	36	3.054	1.611	0.000984955043753417	0.0427659903420474	0.2307	0.2422
LOC126354521	81	279	689	528	392	302	157	576	917	3412	92	321	500	424	356	385	172	520	707	8019	1149.68	339	1961	5.782	2.532	0.000995949455031766	0.0429824903396715	0.6334	0.1501
LOC126294954	282	4496	6883	890	547	5084	12977	8526	23314	2633	321	5176	4999	715	496	6489	14179	7701	17968	6189	6423.21	2341	10505	4.487	2.166	0.00104271677960708	0.0445841802089953	0.481	0.2105
LOC126335469	161	242	152	483	303	346	625	589	382	383	183	279	110	388	275	442	683	532	294	900	408.62	247	570	2.304	1.204	0.00104657700021116	0.0445841802089953	0.1547	0.124
LOC126356027	482	672	1667	1497	806	451	654	2628	2617	6232	549	774	1211	1202	731	576	715	2374	2017	14648	2479.49	893	4066	4.549	2.185	0.0010441601185902	0.0445841802089953	0.4889	0.1789
LOC126278641	18	17	27	22	21	22	11	32	47	182	21	20	20	18	19	28	12	29	36	428	62.94	20	107	5.432	2.442	0.00108534646634243	0.0460619408215778	0.5813	0.2199
LOC126266954	85	83	189	158	165	77	85	280	357	694	97	96	137	127	150	98	93	253	275	1631	295.65	121	470	3.859	1.948	0.00111630282810042	0.0465434418253714	0.3957	0.1269
LOC126335182	140	174	218	205	242	157	208	457	480	343	160	200	158	165	219	200	227	413	370	806	291.88	180	403	2.226	1.154	0.00110370995310282	0.0465434418253714	0.1425	0.127
LOC126336904	58	61	43	38	50	81	120	128	139	38	66	70	31	31	45	103	131	116	107	89	79	49	109	2.266	1.18	0.00110689994287493	0.0465434418253714	0.1389	0.2049
LOC126354174	271	471	569	473	453	292	932	1577	1319	259	309	542	413	380	411	373	1018	1424	1017	609	649.57	411	888	2.163	1.113	0.00111972794394501	0.0465434418253714	0.1352	0.1316
LOC126322901	26	37	88	51	43	104	80	97	105	40	30	43	64	41	39	133	87	88	81	94	69.88	43	97	2.216	1.148	0.00115083582230855	0.04741527590526	0.1307	0.2118
LOC126355755	107	88	191	95	115	121	269	247	231	98	122	101	139	76	104	154	294	223	178	230	162.23	108	216	1.988	0.991	0.00115014288030229	0.04741527590526	0.1028	0.1547
LOC126354813	1850	1373	343	482	1441	2312	3049	4910	4647	958	2108	1581	249	387	1307	2951	3331	4435	3581	2252	2218.2	1126	3310	2.94	1.556	0.00116012148342063	0.0476240415503108	0.2626	0.1748
LOC126284316	1	9	13	23	24	5	14	73	75	73	1	10	9	18	22	6	15	66	58	172	37.82	12	63	5.048	2.336	0.00117257153980084	0.0478664443861007	0.532	0.2356
LOC126358175	29	15	26	19	18	9	172	20	35	101	33	17	19	15	16	11	188	18	27	237	58.26	20	96	4.731	2.242	0.00117450660775533	0.0478664443861007	0.5015	0.2219
LOC126284203	262	210	416	254	284	280	385	479	665	342	299	242	302	204	258	357	421	433	513	804	383.1	261	506	1.932	0.95	0.00118100352328072	0.0479580891162448	0.0983	0.1239
LOC126269449	4	19	28	18	16	18	39	77	50	16	5	22	20	14	15	23	43	70	39	38	28.7	15	43	2.777	1.474	0.00120069956437976	0.0484096335081541	0.2018	0.2398
LOC126355467	31	27	27	35	43	88	57	137	96	11	35	31	20	28	39	112	62	124	74	26	55.13	31	80	2.628	1.394	0.00120821958867659	0.0485394695251602	0.1953	0.2224
