Id	SPICE_S_Iso_SRR11815240	SPICE_S_Iso_SRR11815251	SPICE_S_Iso_SRR11815261	SPICE_S_Iso_SRR11815273	SPICE_S_Iso_SRR11815274	SPICE_G_Crd_SRR11815268	SPICE_G_Crd_SRR11815269	SPICE_G_Crd_SRR11815270	SPICE_G_Crd_SRR11815271	SPICE_G_Crd_SRR11815272	norm.SPICE_S_Iso_SRR11815240	norm.SPICE_S_Iso_SRR11815251	norm.SPICE_S_Iso_SRR11815261	norm.SPICE_S_Iso_SRR11815273	norm.SPICE_S_Iso_SRR11815274	norm.SPICE_G_Crd_SRR11815268	norm.SPICE_G_Crd_SRR11815269	norm.SPICE_G_Crd_SRR11815270	norm.SPICE_G_Crd_SRR11815271	norm.SPICE_G_Crd_SRR11815272	baseMean	Isolated	Crowded	FoldChange	log2FoldChange	stat	pvalue	padj	dispGeneEst	dispFit	dispMAP	dispersion	betaConv	maxCooks
LOC124788222	906	2341	8548	5608	2191	12	27	72	74	12	974	2564	5874	4207	1868	15	28	60	53	27	1567.15	3097	37	0.013	-6.244	-12.402	2.56130693917073e-35	1.69584132442494e-31	0.3485	0.154	0.3025	0.3025	TRUE	0.0775
LOC124722326	124	194	214	249	122	3	6	9	10	0	133	213	147	187	104	4	6	8	7	0	80.83	157	5	0.038	-4.731	-11.74	7.91871161088589e-32	2.62148947878377e-28	0.0694	0.2025	0.1019	0.1019	TRUE	0.095
LOC124802700	178	225	302	553	237	13	1	12	24	4	191	246	208	415	202	16	1	10	17	9	131.55	252	11	0.046	-4.441	-9.83	8.38863117946872e-23	1.85137090130875e-19	0.2131	0.1828	0.2028	0.2028	TRUE	1.0889
LOC124775105	115	111	138	87	94	7	0	4	6	0	124	122	95	65	80	8	0	3	4	0	50.17	97	3	0.039	-4.675	-9.518	1.77084768208556e-21	3.34993785802528e-18	0.0881	0.2337	0.1459	0.1459	TRUE	0.4178
LOC124720060	241	261	439	411	174	1	0	1	16	0	259	286	302	308	148	1	0	1	11	0	131.7	261	3	0.015	-6.095	-8.917	4.76946507553882e-19	7.01747294780945e-16	0.716	0.1828	0.434	0.434	TRUE	5.1529
LOC124789136	37	230	438	142	134	0	1	0	1	0	40	252	301	107	114	0	1	0	1	0	81.53	163	0	0.005	-7.773	-8.072	6.91713584491488e-16	7.04590098910483e-13	0	0.2021	0.3898	0.3898	TRUE	0.0524
LOC124789002	17	141	1150	478	133	0	1	0	0	0	18	154	790	359	113	0	1	0	0	0	143.61	287	0	0.002	-8.755	-7.973	1.5482344792523e-15	1.36678139828393e-12	1.3419	0.1802	0.8419	0.8419	TRUE	0.236
LOC124789650	28	176	1101	374	128	0	0	2	0	0	30	193	757	281	109	0	0	2	0	0	137.09	274	0	0.003	-8.273	-7.828	4.9654779783077e-15	3.8678152581618e-12	1.1771	0.1815	0.7347	0.7347	TRUE	0.3574
LOC124777599	13337	5187	3532	4376	905	181	288	257	357	98	14343	5682	2427	3283	772	220	299	215	255	222	2771.74	5301	242	0.052	-4.276	-7.581	3.43780272069578e-14	2.16778017273588e-11	0.5184	0.1529	0.4118	0.4118	TRUE	0.3863
LOC124788242	19	35	131	62	54	0	0	0	0	0	20	38	90	47	46	0	0	0	0	0	24.14	48	0	0.007	-7.225	-7.584	3.34806422591593e-14	2.16778017273588e-11	0.272	0.3225	0.2902	0.2902	TRUE	0.2005
LOC124712054	42	53	73	96	72	1	0	1	0	0	45	58	50	72	61	1	0	1	0	0	28.89	57	0	0.011	-6.503	-7.553	4.24348228720272e-14	2.55419056577902e-11	0	0.2944	0.0849	0.0849	TRUE	0.1433
LOC124795556	48	56	100	98	65	6	11	18	8	9	52	61	69	74	55	7	11	15	6	20	37.05	62	12	0.194	-2.364	-7.148	8.82169388303292e-13	4.17203108568293e-10	0.0209	0.2629	0.0875	0.0875	TRUE	0.4191
LOC124802724	779	657	7	1272	508	9	12	10	7	0	838	720	5	954	433	11	12	8	5	0	298.65	590	7	0.017	-5.868	-7.052	1.76619198237021e-12	7.54448846146655e-10	1.2153	0.1652	0.8775	0.8775	TRUE	0.132
LOC124789001	14	50	75	52	72	0	0	0	1	0	15	55	52	39	61	0	0	0	1	0	22.25	44	0	0.01	-6.581	-6.989	2.77175359722827e-12	1.11222912528778e-09	0	0.3371	0.2596	0.2596	TRUE	0.1903
LOC124722943	27	30	49	79	44	0	0	0	0	2	29	33	34	59	38	0	0	0	0	5	19.69	39	1	0.017	-5.905	-6.64	3.13522822132216e-11	1.12207275964184e-08	0.0754	0.3612	0.1729	0.1729	TRUE	2.2678
LOC124717096	263	706	1135	674	770	38	87	126	223	19	283	773	780	506	657	46	90	105	159	43	344.27	600	89	0.164	-2.605	-6.621	3.56078457175589e-11	1.24083971839978e-08	0.2076	0.1634	0.1983	0.1983	TRUE	0.3397
LOC124721974	18	24	32	19	12	0	0	0	0	0	19	26	22	14	10	0	0	0	0	0	9.21	18	0	0.017	-5.916	-6.306	2.85821686681019e-10	8.80197854658153e-08	0.0826	0.5998	0.2468	0.2468	TRUE	0.0516
LOC124717148	29	30	48	18	48	0	1	0	3	0	31	33	33	14	41	0	1	0	2	0	15.47	30	1	0.035	-4.854	-6.173	6.69831573203961e-10	1.88721482816316e-07	0	0.4185	0.2204	0.2204	TRUE	0.6627
LOC124798649	20	15	37	36	30	1	0	0	2	0	22	16	25	27	26	1	0	0	1	0	11.86	23	0	0.036	-4.81	-5.951	2.66468260150948e-09	6.91877000180166e-07	0	0.4997	0.1325	0.1325	TRUE	0.3313
LOC124788214	843	508	762	1331	860	243	168	240	313	38	907	556	524	999	733	295	174	201	224	86	469.84	744	196	0.293	-1.77	-5.833	5.45207360783259e-09	1.31266106754399e-06	0.1186	0.1602	0.1261	0.1261	TRUE	0.154
LOC124776394	406	394	1147	831	750	242	189	160	271	95	437	432	788	623	640	294	196	134	194	215	395.17	584	207	0.384	-1.381	-5.614	1.97694911668476e-08	4.36312670052327e-06	0.0681	0.1619	0.0826	0.0826	TRUE	0.1724
LOC124777143	308	276	580	462	533	136	212	215	240	59	331	302	399	347	455	165	220	180	172	133	270.32	367	174	0.508	-0.976	-5.583	2.36932655088495e-08	4.90228471669038e-06	0.0224	0.1667	0.0393	0.0393	TRUE	0.2134
LOC124801935	7	53	39	31	28	1	1	0	0	0	8	58	27	23	24	1	1	0	0	0	14.18	28	0	0.025	-5.33	-5.587	2.30451682096489e-08	4.90228471669038e-06	0	0.4428	0.4028	0.4028	TRUE	0.2008
LOC124718938	405	356	562	244	274	107	23	44	70	24	436	390	386	183	234	130	24	37	50	54	192.33	326	59	0.208	-2.269	-5.513	3.51806915955465e-08	7.05852603194283e-06	0.2453	0.1729	0.2295	0.2295	TRUE	0.5628
LOC124721142	3097	2658	4830	4349	3819	1626	1674	2616	3181	751	3331	2912	3319	3263	3257	1973	1737	2190	2274	1698	2595.3	3216	1974	0.643	-0.638	-5.462	4.70493612328562e-08	8.90263706586582e-06	0.0096	0.153	0.0194	0.0194	TRUE	0.0892
LOC124720174	314	131	299	607	700	6	32	49	97	32	338	143	205	455	597	7	33	41	69	72	196.22	348	44	0.15	-2.741	-5.451	5.02243979843742e-08	9.36720391702935e-06	0.398	0.1724	0.3417	0.3417	TRUE	0.0989
LOC124799019	7	7	17	32	14	0	0	0	0	0	8	8	12	24	12	0	0	0	0	0	6.28	13	0	0.025	-5.317	-5.438	5.38755523298421e-08	9.90861199933012e-06	0.2024	0.8089	0.4043	0.4043	TRUE	0.6888
LOC124777956	31	43	7	51	86	0	1	2	5	1	33	47	5	38	73	0	1	2	4	2	20.54	39	2	0.058	-4.104	-5.435	5.46654561024168e-08	9.91616396860552e-06	0.547	0.3525	0.4915	0.4915	TRUE	0.1047
LOC124795373	30	2	81	6	70	0	0	0	0	0	32	2	56	5	60	0	0	0	0	0	15.43	31	0	0.013	-6.234	-5.431	5.59252796413605e-08	1.00076020677148e-05	1.7156	0.4191	1.1192	1.1192	TRUE	0.0247
LOC124712530	60	10	17	57	3	0	0	0	0	0	65	11	12	43	3	0	0	0	0	0	13.25	27	0	0.015	-6.08	-5.423	5.85683401590564e-08	1.02941013847069e-05	1.4094	0.4632	0.9927	0.9927	TRUE	0.0988
LOC124709245	8	5	18	14	16	0	0	0	0	0	9	5	12	11	14	0	0	0	0	0	5.06	10	0	0.031	-5.034	-5.278	1.30261436258984e-07	2.12953325795243e-05	0	0.9678	0.3281	0.3281	TRUE	0.097
LOC124721693	414	374	754	754	758	208	178	216	332	41	445	410	518	566	646	252	185	181	237	93	353.31	517	190	0.406	-1.302	-5.275	1.32812649362121e-07	2.14476232055268e-05	0.0668	0.1631	0.0853	0.0853	TRUE	0.3989
LOC124719897	431	387	532	609	387	200	218	267	350	85	464	424	366	457	330	243	226	224	250	192	317.47	408	227	0.594	-0.751	-5.26	1.44427460048798e-07	2.30422701923637e-05	0.0126	0.1644	0.0268	0.0268	TRUE	0.1354
LOC124754463	49	21	117	84	70	16	13	15	14	2	53	23	80	63	60	19	13	13	10	5	33.88	56	12	0.256	-1.967	-5.177	2.25872324029971e-07	3.56071585095818e-05	0.1278	0.2733	0.1602	0.1602	TRUE	0.1887
LOC124789632	166	193	291	382	422	91	115	111	142	37	179	211	200	287	360	110	119	93	102	84	174.42	247	102	0.45	-1.151	-5.159	2.4843207594691e-07	3.82527622056858e-05	0.0491	0.1751	0.0663	0.0663	TRUE	0.2332
LOC124719099	172	146	408	378	209	56	83	129	62	30	185	160	280	284	178	68	86	108	44	68	146.13	217	75	0.384	-1.381	-5.134	2.83782262953316e-07	4.27027809775887e-05	0.0821	0.1797	0.0979	0.0979	TRUE	0.1266
LOC124795430	112	70	163	187	142	42	38	36	78	9	120	77	112	140	121	51	39	30	56	20	76.72	114	39	0.393	-1.348	-5.079	3.79491657014283e-07	5.58358724687015e-05	0.0592	0.2052	0.0874	0.0874	TRUE	0.4335
LOC124775601	95	65	218	221	201	46	14	32	14	14	102	71	150	166	171	56	15	27	10	32	79.92	132	28	0.246	-2.021	-4.95	7.41261333964126e-07	0.000105546049294118	0.237	0.2031	0.2287	0.2287	TRUE	0.5034
LOC124712464	800	783	1534	1039	628	215	392	343	318	204	860	858	1054	780	536	261	407	287	227	461	573.06	818	329	0.444	-1.172	-4.935	7.99514603908882e-07	0.000112629493457036	0.0702	0.1586	0.0836	0.0836	TRUE	0.2369
LOC124791708	7	15	23	8	5	0	0	0	0	0	8	16	16	6	4	0	0	0	0	0	5	10	0	0.034	-4.885	-4.893	9.92454405425795e-07	0.000128843933692631	0.2971	0.977	0.5344	0.5344	TRUE	0.0322
LOC124776485	85	87	119	176	135	43	37	19	24	6	91	95	82	132	115	52	38	16	17	14	65.28	103	27	0.312	-1.679	-4.891	1.00376297542899e-06	0.000129046886608065	0.1393	0.2147	0.1565	0.1565	TRUE	0.9946
LOC124805560	395	31	706	1132	28	45	7	8	11	8	425	34	485	849	24	55	7	7	8	18	191.16	363	19	0.071	-3.813	-4.86	1.17190055098731e-06	0.000149214491309366	1.1618	0.173	0.8962	0.8962	TRUE	0.1709
LOC124803358	64	15	66	14	75	0	0	8	3	0	69	16	45	11	64	0	0	7	2	0	21.39	41	2	0.069	-3.867	-4.85	1.23352763672207e-06	0.000154097858164846	0.9173	0.3445	0.6755	0.6755	TRUE	0.3482
LOC124803748	25	5	38	14	35	0	2	2	2	0	27	5	26	11	30	0	2	2	1	0	10.4	20	1	0.082	-3.612	-4.83	1.36648236045267e-06	0.000166008801991874	0	0.5486	0.3725	0.3725	TRUE	0.0641
LOC124721228	41	22	59	42	40	10	6	13	19	6	44	24	41	32	34	12	6	11	14	14	23.08	35	11	0.369	-1.438	-4.763	1.90783428595048e-06	0.00021834484396342	0	0.3304	0.0814	0.0814	TRUE	0.1724
LOC124804813	743	564	1161	1466	1442	402	289	417	616	97	799	618	798	1100	1230	488	300	349	440	219	634.06	909	359	0.445	-1.168	-4.747	2.06813205853727e-06	0.000232086480670767	0.08	0.1579	0.0929	0.0929	TRUE	0.1117
LOC124712047	12	10	35	19	11	0	2	0	2	0	13	11	24	14	9	0	2	0	1	0	7.51	14	1	0.079	-3.655	-4.731	2.23568149202386e-06	0.000246707452644833	0	0.7018	0.2683	0.2683	TRUE	0.7711
LOC124711290	809	323	797	847	629	89	43	229	317	17	870	354	548	635	536	108	45	192	227	38	355.28	589	122	0.256	-1.963	-4.665	3.08149791132309e-06	0.000329074155981778	0.3143	0.163	0.2767	0.2767	TRUE	0.4313
LOC124798208	329	35	280	205	124	17	37	11	57	13	354	38	192	154	106	21	38	9	41	29	98.25	169	28	0.207	-2.273	-4.644	3.41225735716257e-06	0.000355788282862573	0.4037	0.1934	0.3549	0.3549	TRUE	0.1783
LOC124711278	9013	7777	13404	23808	18054	3540	3717	2687	7245	516	9693	8519	9211	17862	15395	4295	3856	2250	5180	1167	7742.76	12136	3350	0.33	-1.599	-4.614	3.94268405205001e-06	0.000402786095013511	0.1767	0.1519	0.1943	0.1943	TRUE	0.2194
LOC124774939	11519	9645	14668	15686	11760	6047	5915	7130	9065	1717	12388	10565	10080	11769	10028	7336	6136	5970	6481	3883	8463.58	10966	5961	0.592	-0.757	-4.612	3.98466836178598e-06	0.000402786095013511	0.0274	0.1519	0.0435	0.0435	TRUE	0.468
LOC124802776	441	107	702	567	58	58	60	27	49	23	474	117	482	425	49	70	62	23	35	52	179.1	309	48	0.199	-2.332	-4.613	3.97082185418625e-06	0.000402786095013511	0.4587	0.1745	0.3922	0.3922	TRUE	0.065
LOC124795236	623	667	1212	1412	1613	361	351	631	601	190	670	731	833	1059	1375	438	364	528	430	430	685.81	934	438	0.521	-0.941	-4.602	4.17883382580323e-06	0.000412972350809696	0.0545	0.1574	0.0658	0.0658	TRUE	0.2755
LOC124797889	567	551	917	888	765	321	361	372	446	75	610	604	630	666	652	389	375	311	319	170	472.6	632	313	0.548	-0.868	-4.602	4.17899826374409e-06	0.000412972350809696	0.0365	0.1601	0.055	0.055	TRUE	0.6465
LOC124716714	2044	1028	724	2038	1200	306	334	463	777	159	2198	1126	498	1529	1023	371	346	388	555	360	839.46	1275	404	0.373	-1.424	-4.587	4.50489089067766e-06	0.000430419011374895	0.1543	0.1563	0.1547	0.1547	TRUE	0.1404
LOC124717046	180	166	265	247	220	92	112	142	162	65	194	182	182	185	188	112	116	119	116	147	154	186	122	0.682	-0.552	-4.586	4.51806695220589e-06	0.000430419011374895	0	0.1782	0.0155	0.0155	TRUE	0.0833
LOC124712226	27	27	109	34	23	0	0	8	5	4	29	30	75	26	20	0	0	7	4	9	19.8	36	4	0.135	-2.888	-4.583	4.57875843209605e-06	0.000433085136841542	0.5266	0.3601	0.4578	0.4578	TRUE	1.994
LOC124804602	33497	24606	54365	54958	47988	17113	17765	27409	35082	7826	36024	26953	37359	41233	40921	20762	18430	22948	25081	17699	28741.03	36498	20984	0.621	-0.687	-4.558	5.17310359440957e-06	0.000480887229270872	0.0233	0.1515	0.0368	0.0368	TRUE	0.2669
LOC124775702	9174	5583	11778	12039	13643	4285	4061	6401	6857	2070	9866	6116	8094	9032	11634	5199	4213	5359	4902	4681	6909.63	8948	4871	0.594	-0.751	-4.535	5.75474172680657e-06	0.000521947191413511	0.0304	0.152	0.0448	0.0448	TRUE	0.1414
LOC124789756	109	93	176	139	144	48	64	74	106	21	117	102	121	104	123	58	66	62	76	47	87.7	113	62	0.606	-0.723	-4.536	5.73209146580519e-06	0.000521947191413511	0.0022	0.1985	0.0287	0.0287	TRUE	0.1505
LOC124805162	1165	769	2013	2434	1192	445	516	662	1056	174	1253	842	1383	1826	1016	540	535	554	755	394	909.91	1264	556	0.495	-1.014	-4.526	6.00708343805302e-06	0.000541127883582981	0.0699	0.1559	0.0807	0.0807	TRUE	0.1982
LOC124795555	11	0	33	26	21	0	0	0	0	0	12	0	23	20	18	0	0	0	0	0	7.19	15	0	0.032	-4.987	-4.483	7.37060017376948e-06	0.000651860396419398	2.0048	0.7257	1.2239	1.2239	TRUE	0.1987
LOC124789397	654	466	611	711	763	205	189	352	368	41	703	510	420	533	651	249	196	295	263	93	391.31	563	219	0.45	-1.152	-4.467	7.91971694939957e-06	0.000685599249015296	0.0949	0.162	0.1068	0.1068	TRUE	0.3876
LOC124805138	263	18	464	493	64	36	14	35	24	12	283	20	319	370	55	44	15	29	17	27	117.77	209	26	0.169	-2.569	-4.467	7.93048388637558e-06	0.000685599249015296	0.621	0.1865	0.5147	0.5147	TRUE	0.0479
LOC124788119	57	33	38	42	52	6	6	11	18	10	61	36	26	32	44	7	6	9	13	23	25.76	40	12	0.337	-1.569	-4.458	8.28440561786849e-06	0.000707755478656868	0.0966	0.3117	0.1455	0.1455	TRUE	0.2969
LOC124716732	87	97	134	156	68	38	48	49	52	10	94	106	92	117	58	46	50	41	37	23	66.36	93	39	0.49	-1.03	-4.39	1.13419722012346e-05	0.000915795096882612	0.0446	0.2136	0.0737	0.0737	TRUE	0.3528
LOC124760025	409	303	1	450	0	0	0	0	1	1	440	332	1	338	0	0	0	0	1	2	111.3	222	1	0.017	-5.897	-4.355	1.33094275880245e-05	0.0010428605924297	4.1321	0.1885	2.2792	4.1321	TRUE	0.2378
LOC124723012	353	454	746	751	617	259	281	392	445	154	380	497	513	563	526	314	292	328	318	348	407.95	496	320	0.685	-0.546	-4.289	1.79757945547103e-05	0.00132848956762438	0.0107	0.1615	0.0237	0.0237	TRUE	0.2006
LOC124805680	765	308	752	718	456	214	92	289	248	45	823	337	517	539	389	260	95	242	177	102	348.05	521	175	0.406	-1.299	-4.289	1.79334586577946e-05	0.00132848956762438	0.1559	0.1633	0.156	0.156	TRUE	0.3151
LOC124711893	63	7	169	134	16	6	8	2	9	5	68	8	116	101	14	7	8	2	6	11	34.07	61	7	0.16	-2.646	-4.278	1.88801881523843e-05	0.00138127873764571	0.6677	0.2726	0.5705	0.5705	TRUE	0.036
LOC124789889	12	6	35	11	19	1	3	1	0	0	13	7	24	8	16	1	3	1	0	0	7.31	14	1	0.12	-3.065	-4.267	1.98061356661866e-05	0.00143324578116015	0.2178	0.7161	0.366	0.366	TRUE	0.374
LOC124790591	18	0	27	10	20	0	0	0	0	0	19	0	19	8	17	0	0	0	0	0	6.25	13	0	0.041	-4.597	-4.255	2.08639792102877e-05	0.001485380713455	2.0239	0.8126	1.3006	1.3006	TRUE	0.1137
LOC124798152	3613	3516	6436	6123	5335	2207	2693	3783	4497	1021	3886	3851	4423	4594	4549	2678	2794	3167	3215	2309	3546.57	4261	2833	0.703	-0.508	-4.257	2.07648783191732e-05	0.001485380713455	0.012	0.1526	0.0226	0.0226	TRUE	0.1287
LOC124787768	0	513	2	894	425	1	3	8	8	2	0	562	1	671	362	1	3	7	6	5	161.77	319	4	0.038	-4.73	-4.242	2.21163794989479e-05	0.00155779307087802	2.444	0.1769	1.6992	2.444	TRUE	0.0315
LOC124802762	2742	2312	4020	4454	4200	1533	1468	2396	3044	879	2949	2533	2762	3342	3581	1860	1523	2006	2176	1988	2472.01	3033	1911	0.676	-0.564	-4.195	2.73304372963317e-05	0.00184770766957921	0.0175	0.1531	0.0299	0.0299	TRUE	0.1566
LOC124802817	33	16	40	46	36	9	6	16	15	3	35	18	27	35	31	11	6	13	11	7	19.38	29	10	0.416	-1.265	-4.169	3.05828241100167e-05	0.00203506410484845	0	0.3646	0.0967	0.0967	TRUE	0.2979
LOC124804665	2	0	48	55	31	0	0	0	1	0	2	0	33	41	26	0	0	0	1	0	10.36	20	0	0.045	-4.475	-4.136	3.53051920933005e-05	0.002297238549431	2.5332	0.5503	1.5734	1.5734	TRUE	0.0374
LOC124802707	42	70	59	61	77	23	27	15	26	8	45	77	41	46	66	28	28	13	19	18	37.9	55	21	0.46	-1.119	-4.129	3.65112067750523e-05	0.00235844585422069	0.0622	0.2604	0.0992	0.0992	TRUE	0.1693
LOC124789584	131	104	175	96	93	19	18	82	43	13	141	114	120	72	79	23	19	69	31	29	69.69	105	34	0.408	-1.293	-4.117	3.83462593188143e-05	0.00245304911062676	0.1498	0.2107	0.162	0.162	TRUE	0.6432
LOC124719691	77	46	119	186	110	23	21	48	67	12	83	50	82	140	94	28	22	40	48	27	61.32	90	33	0.451	-1.149	-4.109	3.97522804837433e-05	0.00251865884289822	0.1008	0.2188	0.1219	0.1219	TRUE	0.225
LOC124720239	414	324	775	690	684	235	235	301	439	149	445	355	533	518	583	285	244	252	314	337	386.54	487	286	0.643	-0.636	-4.099	4.1537272992423e-05	0.00261922175697936	0.0246	0.1621	0.0395	0.0395	TRUE	0.2464
LOC124776084	55737	8785	7149	3582	5521	1678	3079	476	2882	313	59942	9623	4913	2687	4708	2036	3194	399	2060	708	9026.99	16375	1679	0.163	-2.615	-4.094	4.24362003460688e-05	0.0026506611555785	0.9968	0.1519	0.7732	0.7732	TRUE	5.366
LOC124720033	41	30	16	51	14	0	0	4	7	4	44	33	11	38	12	0	0	3	5	9	15.56	28	3	0.183	-2.45	-4.066	4.79106150207556e-05	0.0028969514342687	0.5664	0.4169	0.5084	0.5084	TRUE	0.1417
LOC124777770	88	160	194	215	141	31	86	52	48	31	95	175	133	161	120	38	89	44	34	70	95.95	137	55	0.476	-1.07	-4.066	4.7900171552347e-05	0.0028969514342687	0.0978	0.1944	0.1152	0.1152	TRUE	0.4182
LOC124798572	52	41	61	140	163	13	30	28	39	6	56	45	42	105	139	16	31	23	28	14	49.86	77	22	0.38	-1.396	-4.059	4.92092260754973e-05	0.00293526383644926	0.1861	0.2342	0.1956	0.1956	TRUE	0.1545
LOC124718862	338	259	870	976	944	151	152	71	69	2	363	284	598	732	805	183	158	59	49	5	323.65	556	91	0.242	-2.049	-4.049	5.13483593489665e-05	0.00304912544618392	0.6193	0.1642	0.4918	0.4918	TRUE	0.2103
LOC124789379	380	371	513	515	550	213	274	233	351	65	409	406	353	386	469	258	284	195	251	147	315.87	405	227	0.629	-0.67	-4.041	5.31861578516078e-05	0.00313018267675996	0.0282	0.1645	0.0461	0.0461	TRUE	0.3508
LOC124797990	792	436	1259	993	622	210	143	443	393	30	852	478	865	745	530	255	148	371	281	68	459.28	694	225	0.414	-1.271	-3.999	6.35837730973568e-05	0.00369237803209963	0.203	0.1604	0.1941	0.1941	TRUE	0.3165
LOC124798698	98	143	463	425	245	9	21	128	52	28	105	157	318	319	209	11	22	107	37	63	134.84	222	48	0.306	-1.707	-3.998	6.38539925502806e-05	0.00369237803209963	0.3974	0.182	0.3514	0.3514	TRUE	0.3282
LOC124719815	18	10	11	29	11	2	2	2	5	0	19	11	8	22	9	2	2	2	4	0	7.88	14	2	0.243	-2.044	-3.991	6.59183693327607e-05	0.00377045707731348	0	0.6759	0.2511	0.2511	TRUE	0.0893
LOC124775444	384	196	417	723	409	100	108	144	251	12	413	215	287	542	349	121	112	121	179	27	236.59	361	112	0.404	-1.308	-3.99	6.60947087241246e-05	0.00377045707731348	0.2157	0.1689	0.2051	0.2051	TRUE	0.2775
LOC124711250	517	634	1463	1435	1564	310	264	324	412	285	556	694	1005	1077	1334	376	274	271	295	645	652.65	933	372	0.482	-1.052	-3.985	6.74862153869509e-05	0.00378666298370341	0.1267	0.1577	0.1323	0.1323	TRUE	0.2635
LOC124799953	1403	1187	1785	1315	905	543	401	742	870	123	1509	1300	1227	987	772	659	416	621	622	278	839.02	1159	519	0.531	-0.914	-3.974	7.06750125920908e-05	0.00391376798463252	0.0891	0.1563	0.0998	0.0998	TRUE	0.2218
LOC124717265	8	11	0	16	30	0	0	0	0	0	9	12	0	12	26	0	0	0	0	0	5.82	12	0	0.062	-4	-3.963	7.39437994055583e-05	0.00404613137077852	2.4824	0.8606	1.5601	1.5601	TRUE	0.103
LOC124802582	234	189	317	281	240	136	129	92	117	44	252	207	218	211	205	165	134	77	84	100	165.1	219	112	0.586	-0.771	-3.956	7.62639113378265e-05	0.00415591240302674	0.0456	0.1764	0.0648	0.0648	TRUE	0.6809
LOC124709012	175162	144392	265102	233388	241039	119771	110692	151306	195999	51791	188377	158167	182175	175102	205542	145309	114833	126682	140124	117130	155344.07	181873	128816	0.744	-0.426	-3.909	9.27040342986343e-05	0.00487844242615245	0.0101	0.1514	0.0195	0.0195	TRUE	0.0663
LOC124776648	21	63	143	38	78	18	1	5	15	0	23	69	98	29	67	22	1	4	11	0	32.27	57	8	0.225	-2.153	-3.909	9.28385056177629e-05	0.00487844242615245	0.7173	0.2794	0.5679	0.5679	TRUE	0.3994
LOC124780415	452	955	1612	1731	1368	430	454	639	728	219	486	1046	1108	1299	1167	522	471	535	520	495	764.86	1021	509	0.578	-0.79	-3.904	9.48080055254933e-05	0.00489384541574644	0.0652	0.1568	0.0781	0.0781	TRUE	0.9206
LOC124804991	50	46	84	102	85	14	25	36	56	13	54	50	58	77	72	17	26	30	40	29	45.34	62	28	0.548	-0.869	-3.903	9.49794798253161e-05	0.00489384541574644	0.0327	0.2425	0.0706	0.0706	TRUE	0.3105
LOC124777923	21	15	1	4	14	0	0	0	1	0	23	16	1	3	12	0	0	0	1	0	5.54	11	0	0.088	-3.514	-3.879	0.000105076827469133	0.0052705581414631	1.1714	0.8976	1.0751	1.0751	TRUE	0.0488
LOC124795193	115	110	250	139	161	62	78	97	104	34	124	120	172	104	137	75	81	81	74	77	104.61	131	78	0.656	-0.609	-3.87	0.000108881312147869	0.00540875152568321	0.0164	0.1909	0.0358	0.0358	TRUE	0.3361
LOC124719891	31	25	83	84	62	17	9	29	19	8	33	27	57	63	53	21	9	24	14	18	31.96	47	17	0.462	-1.114	-3.867	0.00010996860512507	0.00543359801890365	0.0908	0.2807	0.1283	0.1283	TRUE	0.0966
LOC124788538	128	1	1	4	175	0	1	0	0	0	138	1	1	3	149	0	1	0	0	0	29.27	58	0	0.06	-4.062	-3.862	0.000112429383913649	0.00549191444586008	3.6164	0.2925	2.1952	3.6164	TRUE	0.0725
LOC124802574	446	377	752	405	472	209	223	261	248	38	480	413	517	304	402	254	231	219	177	86	308.24	423	193	0.548	-0.868	-3.861	0.000112807788043645	0.00549191444586008	0.083	0.1648	0.0972	0.0972	TRUE	0.5918
LOC124789606	660	151	191	507	1479	68	177	92	192	21	710	165	131	380	1261	82	184	77	137	47	317.59	529	105	0.305	-1.712	-3.855	0.000115561592440512	0.00556942024583081	0.5182	0.1644	0.4291	0.4291	TRUE	0.2099
LOC124718922	3070	537	5455	10697	5332	506	667	1214	2089	523	3302	588	3749	8026	4547	614	692	1016	1493	1183	2520.93	4042	1000	0.359	-1.48	-3.823	0.000131926401827057	0.00621510238522605	0.3867	0.153	0.3332	0.3332	TRUE	0.135
LOC124802552	497	466	834	731	828	348	370	359	581	141	534	510	573	548	706	422	384	301	415	319	471.34	574	368	0.697	-0.521	-3.813	0.000137042697897582	0.00638985706183022	0.0176	0.1602	0.0314	0.0314	TRUE	0.1972
LOC124722186	50	182	342	49	223	36	44	30	34	2	54	199	235	37	190	44	46	25	24	5	85.83	143	29	0.314	-1.67	-3.813	0.000137544486827691	0.00639075120902557	0.4894	0.1995	0.4144	0.4144	TRUE	0.0592
LOC124711793	26	1	61	12	18	0	0	3	3	0	28	1	42	9	15	0	0	3	2	0	10	19	1	0.139	-2.846	-3.809	0.000139667519767173	0.00646670383481434	1.059	0.5645	0.8808	0.8808	TRUE	0.0907
LOC124722715	41	22	49	32	36	15	8	6	16	0	44	24	34	24	31	18	8	5	11	0	19.95	31	8	0.404	-1.309	-3.782	0.000155455867886835	0.00704981713204614	0.109	0.3584	0.1928	0.1928	TRUE	0.6915
LOC124711752	16	32	47	33	53	0	1	0	1	7	17	35	32	25	45	0	1	0	1	16	17.21	31	4	0.188	-2.41	-3.765	0.000166689212433001	0.00745708969945201	1.1471	0.3914	0.811	0.811	TRUE	1.863
LOC124722208	2044	1643	5145	3479	5268	1057	1292	1469	2420	714	2198	1800	3536	2610	4492	1282	1340	1230	1730	1615	2183.34	2927	1439	0.583	-0.779	-3.757	0.000171663288039388	0.00765375508490764	0.0799	0.1533	0.0887	0.0887	TRUE	0.1834
LOC124771028	132	189	407	306	290	57	127	142	171	23	142	207	280	230	247	69	132	119	122	52	159.96	221	99	0.549	-0.864	-3.757	0.000172285581545674	0.00765572372761011	0.0878	0.1772	0.1038	0.1038	TRUE	0.3133
LOC124805532	122	83	48	305	347	35	28	30	77	22	131	91	33	229	296	42	29	25	55	50	98.13	156	40	0.378	-1.403	-3.753	0.000174771180850305	0.00774020059137039	0.3414	0.1935	0.3093	0.3093	TRUE	0.0835
LOC124788138	67	32	72	67	49	26	21	23	26	3	72	35	49	50	42	32	22	19	19	7	34.66	50	20	0.511	-0.97	-3.751	0.000175886413230216	0.00776362627998172	0.0577	0.2706	0.1073	0.1073	TRUE	0.3781
LOC124787932	570	115	1091	2010	1124	145	56	183	415	102	613	126	750	1508	958	176	58	153	297	231	486.98	791	183	0.353	-1.502	-3.748	0.000178033100592424	0.00783227348187667	0.4451	0.1599	0.378	0.378	TRUE	0.1025
LOC124804631	21	29	36	52	26	10	12	9	19	4	23	32	25	39	22	12	12	8	14	9	19.5	28	11	0.503	-0.991	-3.733	0.000189116344853892	0.00821074963460734	0	0.3632	0.0893	0.0893	TRUE	0.3336
LOC124714841	294	266	453	406	352	158	173	306	260	100	316	291	311	305	300	192	179	256	186	226	256.3	305	208	0.729	-0.456	-3.716	0.000202641334185501	0.00868406649606604	0.0077	0.1675	0.0226	0.0226	TRUE	0.2144
LOC124711861	9	1	23	6	7	0	0	0	1	0	10	1	16	5	6	0	0	0	1	0	3.78	8	0	0.134	-2.895	-3.707	0.000209315463524284	0.00882724639486807	0.573	1.2452	0.8004	0.8004	TRUE	0.1132
LOC124711994	27	22	78	88	32	6	2	23	17	1	29	24	54	66	27	7	2	19	12	2	24.31	40	8	0.357	-1.488	-3.699	0.000216386624976555	0.00901828253086004	0.3314	0.3213	0.3286	0.3286	TRUE	0.3601
LOC124787877	469	281	785	527	436	177	266	311	316	58	504	308	539	395	372	215	276	260	226	131	322.7	424	222	0.615	-0.702	-3.699	0.000216569539708012	0.00901828253086004	0.0537	0.1642	0.0717	0.0717	TRUE	0.1714
LOC124722181	593	535	957	1009	819	359	430	526	760	148	638	586	658	757	698	436	446	440	543	335	553.69	667	440	0.716	-0.481	-3.692	0.000222401411991909	0.00923209873854817	0.0152	0.1589	0.0291	0.0291	TRUE	0.2067
LOC124717106	160	203	273	329	120	72	87	121	158	31	172	222	188	247	102	87	90	101	113	70	139.32	186	92	0.596	-0.747	-3.681	0.000232526009698035	0.00962221693881683	0.062	0.181	0.0797	0.0797	TRUE	0.2495
LOC124777219	269	854	776	567	623	273	243	245	247	58	289	935	533	425	531	331	252	205	177	131	381.09	543	219	0.517	-0.951	-3.678	0.000235159495730308	0.00965019176448911	0.1444	0.1622	0.1477	0.1477	TRUE	0.3873
LOC124795077	280	292	274	229	355	137	136	150	129	59	301	320	188	172	303	166	141	126	92	133	194.23	257	132	0.606	-0.724	-3.675	0.000237933529239764	0.00965019176448911	0.0606	0.1727	0.0766	0.0766	TRUE	0.1022
LOC124794670	112	107	145	370	1084	70	39	43	144	10	120	117	100	278	924	85	40	36	103	23	182.62	308	57	0.323	-1.629	-3.663	0.000249669853486141	0.0100266398009558	0.6207	0.174	0.5107	0.5107	TRUE	1.7522
LOC124776325	187	150	284	383	192	71	62	100	111	3	201	164	195	287	164	86	64	84	79	7	133.2	202	64	0.45	-1.151	-3.649	0.000262825984933623	0.0104024969542516	0.2503	0.1824	0.2311	0.2311	TRUE	1.524
LOC124794692	93	72	138	146	93	58	44	44	77	21	100	79	95	110	79	70	46	37	55	47	71.8	93	51	0.637	-0.651	-3.649	0.000262993328465458	0.0104024969542516	0.0217	0.2089	0.0509	0.0509	TRUE	0.3441
LOC124777463	59	89	225	194	196	38	56	32	104	10	63	97	155	146	167	46	58	27	74	23	85.62	126	46	0.49	-1.029	-3.647	0.000265290918112425	0.0104242799336639	0.1648	0.1996	0.1719	0.1719	TRUE	0.2489
LOC124711943	19	17	22	34	21	1	3	12	10	3	20	19	15	26	18	1	3	10	7	7	12.59	20	6	0.431	-1.213	-3.643	0.000269247536470654	0.0104556477359074	0.0267	0.4795	0.159	0.159	TRUE	0.5596
LOC124722471	16	3	6	22	13	0	1	2	2	0	17	3	4	17	11	0	1	2	1	0	5.63	10	1	0.222	-2.173	-3.638	0.000274844165495164	0.010549236056484	0	0.8844	0.473	0.473	TRUE	0.0396
LOC124788080	236	317	366	382	437	48	36	240	180	15	254	347	252	287	373	58	37	201	129	34	197.09	303	92	0.444	-1.172	-3.613	0.000302728118054705	0.0112921851810716	0.2852	0.1724	0.2598	0.2598	TRUE	2.0601
LOC124804927	1309	1195	2641	2442	1762	797	674	1472	1117	228	1408	1309	1815	1832	1503	967	699	1232	799	516	1207.91	1573	843	0.631	-0.664	-3.582	0.000341120168688388	0.0123457124392907	0.0626	0.1548	0.0746	0.0746	TRUE	0.5172
LOC124773026	15302	13422	28804	19664	22341	11693	9326	11817	11093	3051	16456	14702	19794	14753	19051	14186	9675	9894	7931	6900	13334.24	16951	9717	0.658	-0.603	-3.579	0.000345516781063394	0.012432970692504	0.051	0.1517	0.0603	0.0603	TRUE	0.7017
LOC124776850	89	57	119	102	84	35	46	47	58	5	96	62	82	77	72	42	48	39	41	11	57.04	78	36	0.593	-0.753	-3.576	0.00034899837062255	0.0125242179506336	0.0292	0.2238	0.0808	0.0808	TRUE	0.5474
LOC124711859	27	19	15	45	33	0	8	9	12	2	29	21	10	34	28	0	8	8	9	5	15.1	24	6	0.4	-1.323	-3.575	0.000350219371507113	0.012534067344587	0.2005	0.425	0.2684	0.2684	TRUE	0.3759
LOC124722004	43	39	96	57	44	11	19	33	30	1	46	43	66	43	38	13	20	28	21	2	31.96	47	17	0.51	-0.972	-3.571	0.000355833947008124	0.0127006822810824	0.0875	0.2806	0.1425	0.1425	TRUE	0.582
LOC124711876	13	11	42	46	21	5	4	7	5	6	14	12	29	35	18	6	4	6	4	14	14.05	22	7	0.428	-1.226	-3.566	0.000362317504965615	0.0128393847746849	0.1425	0.4453	0.2092	0.2092	TRUE	0.1611
LOC124714747	740	580	1315	1516	1012	507	499	380	692	123	796	635	904	1137	863	615	518	318	495	278	655.9	867	445	0.615	-0.7	-3.565	0.000363515566754409	0.0128393847746849	0.071	0.1577	0.0854	0.0854	TRUE	0.2875
LOC124789575	34	27	75	54	41	16	16	8	14	12	37	30	52	41	35	19	17	7	10	27	27.3	39	16	0.516	-0.956	-3.565	0.000363598345454377	0.0128393847746849	0.0767	0.3027	0.1291	0.1291	TRUE	0.4687
LOC124776707	87	76	197	211	200	46	60	61	80	4	94	83	135	158	171	56	62	51	57	9	87.64	128	47	0.507	-0.981	-3.563	0.000366909608572828	0.0128875783467411	0.1664	0.1985	0.1747	0.1747	TRUE	0.2549
LOC124802949	155	179	195	231	211	94	100	108	162	56	167	196	134	173	180	114	104	90	116	127	140.07	170	110	0.709	-0.496	-3.561	0.000368782563885119	0.0129190971189596	0.0116	0.1809	0.0302	0.0302	TRUE	0.1647
LOC124802970	571	296	164	757	798	155	103	159	255	81	614	324	113	568	680	188	107	133	182	183	309.3	460	159	0.484	-1.046	-3.556	0.000376733835164786	0.0131628217552826	0.2334	0.1648	0.2194	0.2194	TRUE	0.182
LOC124795499	1951	1104	3628	4332	4001	1148	717	1630	1791	333	2098	1209	2493	3250	3412	1393	744	1365	1280	753	1799.74	2492	1107	0.563	-0.829	-3.554	0.000378879949962913	0.0131683157412307	0.1244	0.1537	0.1295	0.1295	TRUE	0.1654
LOC124788901	395	453	991	846	644	335	225	365	519	90	425	496	681	635	549	406	233	306	371	204	430.59	557	304	0.641	-0.641	-3.551	0.000384125512456489	0.0132463282186167	0.0547	0.161	0.0693	0.0693	TRUE	0.2078
LOC124789613	743	46	159	487	1403	28	97	202	90	26	799	50	109	365	1196	34	101	169	64	59	294.73	504	85	0.33	-1.598	-3.546	0.000390767781210692	0.013440381711148	0.7713	0.1654	0.6173	0.6173	TRUE	0.1089
LOC124789775	142	101	155	196	236	64	53	104	120	16	153	111	107	147	201	78	55	87	86	36	105.98	144	68	0.595	-0.75	-3.544	0.000393871493362393	0.0135120370857638	0.0744	0.1904	0.0934	0.0934	TRUE	0.2552
LOC124720487	13	6	56	14	29	2	4	4	9	1	14	7	38	11	25	2	4	3	6	2	11.29	19	3	0.369	-1.44	-3.539	0.000402050221760896	0.0137215181354582	0.2825	0.5173	0.3318	0.3318	TRUE	0.1842
LOC124711910	224	68	272	420	349	64	135	57	100	24	241	74	187	315	298	78	140	48	71	54	150.62	223	78	0.493	-1.021	-3.537	0.000405451060922499	0.0138020127216857	0.2164	0.1788	0.2088	0.2088	TRUE	0.3042
LOC124794744	25	28	3	3	28	0	0	4	0	0	27	31	2	2	24	0	0	3	0	0	8.91	17	1	0.193	-2.373	-3.514	0.000441348410326611	0.0147957864545443	1.6609	0.615	1.2334	1.2334	TRUE	0.4043
LOC124798344	177	199	580	478	675	122	151	58	135	6	190	218	399	359	576	148	157	49	97	14	220.44	348	93	0.429	-1.22	-3.509	0.00044933068670735	0.0150253458418655	0.404	0.1701	0.3456	0.3456	TRUE	0.2333
LOC124776760	50	52	50	61	86	13	22	30	32	0	54	57	34	46	73	16	23	25	23	0	35.08	53	17	0.494	-1.017	-3.5	0.000465820420984131	0.0154596341219846	0.145	0.2692	0.1898	0.1898	TRUE	0.3992
LOC124788962	118	134	289	298	165	95	102	86	103	42	127	147	199	224	141	115	106	72	74	95	129.83	168	92	0.646	-0.631	-3.496	0.000472434637666144	0.0156399486799377	0.0461	0.1832	0.0652	0.0652	TRUE	0.1631
LOC124787813	23	17	6	113	61	4	12	2	9	1	25	19	4	85	52	5	12	2	6	2	21.19	37	5	0.328	-1.608	-3.489	0.00048421190689224	0.0159500847538981	0.6919	0.3463	0.6077	0.6077	TRUE	0.1446
LOC124717171	17	3	9	22	5	2	1	1	0	0	18	3	6	17	4	2	1	1	0	0	5.28	10	1	0.261	-1.935	-3.472	0.000516649327040188	0.0168509122873551	0.427	0.9334	0.5656	0.5656	TRUE	0.117
LOC124800634	20	11	30	23	17	6	4	4	8	5	22	12	21	17	14	7	4	3	6	11	11.77	17	6	0.492	-1.023	-3.472	0.000516624603020087	0.0168509122873551	0	0.5022	0.1254	0.1254	TRUE	0.1643
LOC124775080	93	116	483	554	391	90	106	130	111	42	100	127	332	416	333	109	110	109	79	95	181.04	262	100	0.528	-0.922	-3.467	0.000526380990638343	0.0170008221415438	0.1856	0.1742	0.1834	0.1834	TRUE	0.0676
LOC124805136	778	366	791	1536	1175	374	272	371	637	92	837	401	544	1152	1002	454	282	311	455	208	564.56	787	342	0.567	-0.819	-3.467	0.000526050297842786	0.0170008221415438	0.1377	0.1587	0.1415	0.1415	TRUE	0.0824
LOC124795106	36	5	51	53	31	11	8	4	7	0	39	5	35	40	26	13	8	3	5	0	17.54	29	6	0.393	-1.349	-3.46	0.000539222180173242	0.0172890559560631	0.3973	0.3868	0.3941	0.3941	TRUE	0.539
LOC124795738	12	12	12	22	17	4	5	3	6	0	13	13	8	17	14	5	5	3	4	0	8.21	13	3	0.453	-1.141	-3.446	0.000568087242042085	0.0180398351537681	0	0.6543	0.1574	0.1574	TRUE	0.252
LOC124718990	980	763	1610	1629	1280	537	448	857	1107	164	1054	836	1106	1222	1091	651	465	718	791	371	830.59	1062	599	0.663	-0.592	-3.435	0.000592165760292762	0.0185816563928833	0.0503	0.1564	0.0673	0.0673	TRUE	0.3605
LOC124776692	2752	2410	4484	4987	3890	1510	1963	2990	3468	847	2960	2640	3081	3742	3317	1832	2036	2503	2479	1916	2650.63	3148	2153	0.743	-0.428	-3.409	0.000652221723140421	0.0201792524715548	0.0189	0.153	0.0305	0.0305	TRUE	0.1382
LOC124796540	80	132	242	65	165	33	43	45	98	6	86	145	166	49	141	40	45	38	70	14	79.23	117	41	0.521	-0.941	-3.397	0.000681901982729634	0.0209994094309438	0.2127	0.2035	0.2107	0.2107	TRUE	0.2048
LOC124775853	250	175	361	385	256	92	75	238	148	22	269	192	248	289	218	112	78	199	106	50	176	243	109	0.589	-0.764	-3.389	0.000702369946148556	0.0214561407000915	0.1195	0.1749	0.13	0.13	TRUE	1.6189
LOC124714972	1725	1331	2771	2819	2529	1131	1114	1328	1840	675	1855	1458	1904	2115	2157	1372	1156	1112	1315	1527	1597.06	1898	1296	0.743	-0.428	-3.381	0.000721334902804074	0.0216268816356484	0.0183	0.154	0.0313	0.0313	TRUE	0.2061
LOC124775214	36	61	97	77	29	18	17	26	40	9	39	67	67	58	25	22	18	22	29	20	36.49	51	22	0.579	-0.788	-3.381	0.000721875976661878	0.0216268816356484	0.0847	0.2646	0.116	0.116	TRUE	0.17
LOC124775408	119	223	199	178	218	54	96	86	79	5	128	244	137	134	186	66	100	72	56	11	113.33	166	61	0.536	-0.901	-3.375	0.000739467308191231	0.0220541128267304	0.2051	0.1878	0.2008	0.2008	TRUE	0.7312
LOC124738352	11	37	40	78	3	4	4	4	8	4	12	41	27	59	3	5	4	3	6	9	16.8	28	5	0.392	-1.35	-3.372	0.000745032715379893	0.0221701645327203	0.5309	0.3972	0.5006	0.5006	TRUE	0.0851
LOC124787780	361	249	477	390	382	139	274	210	180	62	388	273	328	293	326	169	284	176	129	140	250.47	322	180	0.666	-0.587	-3.362	0.000774659486175211	0.0227451018091622	0.0534	0.1679	0.0697	0.0697	TRUE	1.1667
LOC124775790	4	6	35	42	38	2	4	2	9	2	4	7	24	32	32	2	4	2	6	5	11.8	20	4	0.404	-1.306	-3.356	0.000791947071185274	0.0232012458332641	0.4118	0.5013	0.432	0.432	TRUE	0.047
LOC124787699	51	71	94	40	146	20	14	13	62	3	55	78	65	30	124	24	15	11	44	7	45.25	70	20	0.486	-1.041	-3.345	0.00082208873168324	0.0238207855250535	0.316	0.2427	0.2992	0.2992	TRUE	0.4683
LOC124787630	722	706	1236	1005	922	509	661	663	836	282	776	773	849	754	786	618	686	555	598	638	703.32	788	619	0.817	-0.292	-3.341	0.000835763321782175	0.0240676388726744	0.0028	0.1573	0.0118	0.0118	TRUE	0.0465
LOC124776609	218	199	316	350	337	156	168	199	242	73	234	218	217	263	287	189	174	167	173	165	208.78	244	174	0.765	-0.386	-3.339	0.000839331973402059	0.0241094012837095	0.0062	0.1712	0.0207	0.0207	TRUE	0.1139
LOC124712421	8	10	7	18	9	1	4	0	0	0	9	11	5	14	8	1	4	0	0	0	5.09	9	1	0.342	-1.55	-3.335	0.000853711903898545	0.0244693788558973	0.1456	0.9628	0.4756	0.4756	TRUE	0.985
LOC124711689	6379	4390	10580	11209	7713	3511	2333	4855	6524	1975	6860	4809	7270	8410	6577	4260	2420	4065	4664	4467	5380.19	6785	3975	0.685	-0.546	-3.33	0.000869528812418193	0.0247630244736601	0.0438	0.1522	0.0643	0.0643	TRUE	0.4439
LOC124721114	6506	3944	9906	10590	9960	3683	2501	5588	6171	1249	6997	4320	6807	7945	8493	4468	2595	4679	4412	2825	5354.08	6912	3796	0.661	-0.596	-3.33	0.000869567012554898	0.0247630244736601	0.0614	0.1522	0.0808	0.0808	TRUE	0.4566
LOC124788137	1350	1067	2514	2469	2110	885	883	1311	1597	286	1452	1169	1728	1852	1799	1074	916	1098	1142	647	1287.58	1600	975	0.701	-0.513	-3.322	0.000894334856247079	0.0250906401831013	0.0405	0.1546	0.0543	0.0543	TRUE	0.4096
LOC124798279	580	598	906	859	778	216	388	594	670	115	624	655	623	644	663	262	403	497	479	260	511.03	642	380	0.692	-0.532	-3.319	0.000903719987988261	0.0251938106967169	0.0431	0.1595	0.0588	0.0588	TRUE	0.1718
LOC124716971	298	206	302	336	209	126	131	168	200	78	320	226	208	252	178	153	136	141	143	176	193.28	237	150	0.714	-0.487	-3.311	0.000930599482593877	0.0258583671631767	0.025	0.1728	0.043	0.043	TRUE	0.3334
LOC124718636	5410	4154	8801	7176	6469	3339	2691	2783	3379	386	5818	4550	6048	5384	5516	4051	2792	2330	2416	873	3977.8	5463	2492	0.603	-0.731	-3.31	0.000931463610997981	0.0258583671631767	0.1373	0.1524	0.1401	0.1401	TRUE	0.672
LOC124789661	4	28	3	21	19	1	0	0	5	0	4	31	2	16	16	1	0	0	4	0	7.38	14	1	0.312	-1.681	-3.309	0.000937238801865423	0.0259642598625563	1.0271	0.7113	0.9192	0.9192	TRUE	0.4189
LOC124711963	15	0	14	21	9	0	2	0	0	0	16	0	10	16	8	0	2	0	0	0	5.13	10	0	0.277	-1.852	-3.305	0.000949104401796938	0.026183417684573	1.362	0.9573	1.1561	1.1561	TRUE	0.5003
LOC124720170	82	19	124	99	91	0	0	10	0	11	88	21	85	74	78	0	0	8	0	25	37.93	69	7	0.323	-1.628	-3.303	0.000957828191956109	0.0263691495174278	2.0602	0.2603	1.2371	1.2371	TRUE	2.9785
LOC124788745	126	168	271	258	233	115	96	157	155	48	136	184	186	194	199	140	100	131	111	109	148.79	180	118	0.731	-0.451	-3.3	0.000968257988531397	0.0264411953134928	0.0135	0.1792	0.0331	0.0331	TRUE	0.199
LOC124798334	799	354	273	2164	1402	332	296	179	268	107	859	388	188	1624	1196	403	307	150	192	242	554.71	851	259	0.503	-0.991	-3.298	0.000972187694839692	0.0264891141050765	0.371	0.1588	0.3231	0.3231	TRUE	0.089
LOC124727296	7	0	3	17	12	0	0	0	0	0	8	0	2	13	10	0	0	0	0	0	3.26	7	0	0.266	-1.909	-3.294	0.000986133384523374	0.0267589718808576	2.0183	1.4194	1.6957	1.6957	TRUE	0.0377
LOC124717028	52	42	65	129	98	36	28	26	47	8	56	46	45	97	84	44	29	22	34	18	47.31	66	29	0.604	-0.727	-3.279	0.00104027966202452	0.0281130271112831	0.0933	0.2387	0.1205	0.1205	TRUE	0.1337
LOC124789968	43	109	206	184	68	28	49	60	66	13	46	119	142	138	58	34	51	50	47	29	71.49	101	42	0.587	-0.768	-3.275	0.00105647686264771	0.0284926000309184	0.1403	0.2092	0.153	0.153	TRUE	0.0806
LOC124788196	95	130	183	181	172	80	79	101	109	44	102	142	126	136	147	97	82	85	78	100	109.38	131	88	0.74	-0.434	-3.258	0.001120861599025	0.0298640830871007	0.0063	0.1892	0.0285	0.0285	TRUE	0.1454
LOC124802965	85	51	112	81	26	19	8	28	5	14	91	56	77	61	22	23	8	23	4	32	39.72	61	18	0.5	-1.001	-3.259	0.00111898469204927	0.0298640830871007	0.3562	0.2554	0.332	0.332	TRUE	0.2809
LOC124775088	5221	5200	10772	11764	9522	4282	3966	6265	6807	1731	5615	5696	7402	8826	8120	5195	4114	5245	4866	3915	5899.53	7132	4667	0.733	-0.449	-3.251	0.00114858652741642	0.0304191655920964	0.0289	0.1521	0.0423	0.0423	TRUE	0.0968
LOC124775081	601	482	680	611	571	299	275	410	206	59	646	528	467	458	487	363	285	343	147	133	385.9	517	254	0.635	-0.656	-3.249	0.00115680594003653	0.03048868958869	0.1052	0.1621	0.1151	0.1151	TRUE	0.2543
LOC124777669	407	394	610	546	397	213	337	317	424	102	438	432	419	410	339	258	350	265	303	231	344.39	408	281	0.758	-0.4	-3.246	0.00116872567528818	0.0307068757781073	0.0133	0.1634	0.0283	0.0283	TRUE	0.2041
LOC124711682	23	40	78	31	44	15	2	13	12	10	25	44	54	23	38	18	2	11	9	23	24.53	37	13	0.529	-0.92	-3.243	0.00118319358116186	0.0309176929191671	0.215	0.3198	0.2429	0.2429	TRUE	0.2858
LOC124776934	299	250	485	357	361	200	228	263	285	88	322	274	333	268	308	243	237	220	204	199	260.65	301	221	0.784	-0.351	-3.243	0.0011837539880696	0.0309176929191671	0.0049	0.1672	0.0187	0.0187	TRUE	0.0461
LOC124777925	9	8	6	26	21	0	0	5	4	1	10	9	4	20	18	0	0	4	3	2	6.93	12	2	0.42	-1.253	-3.233	0.00122614332815578	0.0316265964558599	0.3448	0.7476	0.47	0.47	TRUE	0.1606
LOC124711150	5325	5380	8547	5643	6110	3174	2486	2811	4188	395	5727	5893	5873	4234	5210	3851	2579	2354	2994	893	3960.8	5387	2534	0.624	-0.681	-3.227	0.00125071067508605	0.0320967262780804	0.1325	0.1524	0.1361	0.1361	TRUE	0.9803
LOC124719754	10	50	102	68	23	8	0	19	9	5	11	55	70	51	20	10	0	16	6	11	24.96	41	9	0.457	-1.131	-3.226	0.00125748375921937	0.0322081236742416	0.6013	0.3169	0.5143	0.5143	TRUE	0.1054
LOC124770914	62	61	150	98	113	10	51	59	45	7	67	67	103	74	96	12	53	49	32	16	56.89	81	32	0.586	-0.771	-3.222	0.00127314288259593	0.0324210731756447	0.1543	0.224	0.1704	0.1704	TRUE	0.3028
LOC124721491	1382	1317	2280	1950	1877	1044	1113	1503	1700	428	1486	1443	1567	1463	1601	1267	1155	1258	1215	968	1342.23	1512	1173	0.815	-0.294	-3.22	0.00128208066359078	0.0325860117989811	0.0047	0.1545	0.0145	0.0145	TRUE	0.1067
LOC124788526	10	6	17	7	12	4	2	1	1	0	11	7	12	5	10	5	2	1	1	0	5.3	9	2	0.447	-1.162	-3.218	0.00128969314716474	0.0326541427433182	0.0346	0.9311	0.2945	0.2945	TRUE	0.5461
LOC124777012	57	36	63	55	81	18	18	39	43	11	61	39	43	41	69	22	19	33	31	25	38.31	51	26	0.651	-0.618	-3.215	0.00130225028005194	0.0328759802707103	0.0399	0.2592	0.077	0.077	TRUE	0.1747
LOC124795348	21	6	29	38	26	8	3	0	0	0	23	7	20	29	22	10	3	0	0	0	11.26	20	3	0.398	-1.329	-3.209	0.00133077650691609	0.0332068164415066	1.0186	0.5183	0.7897	0.7897	TRUE	1.8696
LOC124795506	47	43	82	79	76	22	36	23	57	8	51	47	56	59	65	27	37	19	41	18	42.02	56	28	0.658	-0.603	-3.21	0.00132871050129422	0.0332068164415066	0.0315	0.2497	0.0742	0.0742	TRUE	0.3316
LOC124777474	19	20	29	37	22	10	13	10	12	2	20	22	20	28	19	12	13	8	9	5	15.59	22	9	0.613	-0.705	-3.194	0.00140333943824598	0.0343493915734811	0	0.4164	0.0837	0.0837	TRUE	0.1693
LOC124716851	4	1	13	6	5	0	0	0	1	0	4	1	9	5	4	0	0	0	1	0	2.38	5	0	0.35	-1.513	-3.189	0.00142666122771093	0.0347078154277709	0	1.8862	0.7414	0.7414	TRUE	0.1533
LOC124804472	75	97	128	102	119	52	58	38	78	10	81	106	88	77	101	63	60	32	56	23	68.63	91	47	0.662	-0.596	-3.189	0.00142846695424673	0.0347078154277709	0.0523	0.2116	0.0848	0.0848	TRUE	0.2855
LOC124797543	3180	4826	9252	9472	9492	2982	4289	3725	4443	1065	3420	5286	6358	7106	8094	3618	4449	3119	3176	2409	4703.59	6053	3354	0.681	-0.555	-3.171	0.00151873737175547	0.0365656732305199	0.0687	0.1523	0.0863	0.0863	TRUE	0.2084
LOC124709336	288	79	578	441	517	66	71	101	81	107	310	87	397	331	441	80	74	85	58	242	210.34	313	108	0.556	-0.846	-3.169	0.00153040676784195	0.0365989646615945	0.3142	0.171	0.2825	0.2825	TRUE	1.2151
LOC124717160	3	4	1	11	11	1	0	0	0	0	3	4	1	8	9	1	0	0	0	0	2.71	5	0	0.36	-1.474	-3.159	0.00158388845163721	0.0375203056826118	0.5668	1.6733	0.9261	0.9261	TRUE	0.2261
LOC124805056	1022	590	1060	1416	1084	430	399	649	950	269	1099	646	728	1062	924	522	414	543	679	608	722.71	892	553	0.72	-0.475	-3.155	0.00160767153226464	0.0379479259006209	0.0394	0.1571	0.0558	0.0558	TRUE	0.1063
LOC124804695	80755	76542	121482	116643	111979	50457	52098	83989	91138	16203	86847	83844	83481	87513	95488	61215	54047	70320	65157	36645	72455.76	87435	57477	0.741	-0.432	-3.152	0.00161942799878288	0.0381574120282613	0.0274	0.1515	0.0442	0.0442	TRUE	0.5124
LOC124711328	365	453	538	408	328	169	187	242	371	126	393	496	370	306	280	205	194	203	265	285	299.61	369	230	0.723	-0.468	-3.135	0.0017203275367651	0.0398983949612706	0.0383	0.1652	0.0531	0.0531	TRUE	0.2788
LOC124780139	14	9	49	39	18	4	5	9	13	4	15	10	34	29	15	5	5	8	9	9	13.91	21	7	0.566	-0.822	-3.135	0.00172043373530324	0.0398983949612706	0.1306	0.4483	0.1933	0.1933	TRUE	0.0967
LOC124714763	9407	10045	17291	16203	12695	6752	7142	11224	13459	3787	10117	11003	11882	12156	10825	8192	7409	9397	9622	8565	9916.91	11197	8637	0.814	-0.297	-3.132	0.0017364078235009	0.0399887172153024	0.0081	0.1518	0.0171	0.0171	TRUE	0.0789
LOC124784833	652	523	1311	1169	1035	495	487	663	778	192	701	573	901	877	883	601	505	555	556	434	658.59	787	530	0.752	-0.411	-3.132	0.00173369445681893	0.0399887172153024	0.0239	0.1577	0.0378	0.0378	TRUE	0.2777
LOC124803114	1135	738	2241	1808	1433	513	540	909	1149	428	1221	808	1540	1356	1222	622	560	761	821	968	988.05	1229	746	0.714	-0.486	-3.132	0.00173337884809223	0.0399887172153024	0.0462	0.1556	0.0626	0.0626	TRUE	0.3391
LOC124777097	55	73	108	105	52	21	32	45	30	0	59	80	74	79	44	25	33	38	21	0	45.42	67	23	0.578	-0.79	-3.127	0.00176517105451636	0.040350446001842	0.2278	0.2423	0.2334	0.2334	TRUE	0.8066
LOC124805020	1924	1962	2607	2106	2052	1235	1187	1694	1568	367	2069	2149	1792	1580	1750	1498	1231	1418	1121	830	1543.87	1868	1220	0.741	-0.433	-3.127	0.0017655207690537	0.040350446001842	0.0305	0.1541	0.0454	0.0454	TRUE	0.3729
LOC124721211	321	268	606	720	555	211	204	286	426	54	345	294	416	540	473	256	212	239	305	122	320.24	414	227	0.684	-0.548	-3.124	0.00178211636148564	0.0405477403072042	0.0728	0.1643	0.0873	0.0873	TRUE	0.2229
LOC124798158	168	147	174	429	460	70	102	140	188	48	181	161	120	322	392	85	106	117	134	109	172.63	235	110	0.639	-0.646	-3.119	0.00181283725297598	0.0411759706756569	0.1321	0.1753	0.1397	0.1397	TRUE	0.1399
LOC124797877	1494	1513	2615	2323	2519	1107	1221	1273	1647	270	1607	1657	1797	1743	2148	1343	1267	1066	1177	611	1441.56	1790	1093	0.718	-0.478	-3.118	0.00181812078568416	0.0412035024504801	0.0477	0.1543	0.0615	0.0615	TRUE	0.7094
LOC124711600	3270	3268	6066	5893	5042	2226	2193	3063	3733	456	3517	3580	4168	4421	4299	2701	2275	2565	2669	1031	3122.6	3997	2248	0.691	-0.533	-3.117	0.00182420678321521	0.0412220925312897	0.0729	0.1527	0.0846	0.0846	TRUE	1.1086
LOC124787473	1033	1046	2199	1849	1805	740	962	1048	1488	288	1111	1146	1511	1387	1539	898	998	877	1064	651	1118.26	1339	898	0.752	-0.411	-3.112	0.00185827160645544	0.0417779840622801	0.0254	0.1551	0.0399	0.0399	TRUE	0.2144
LOC124798438	1305	598	1801	2280	2015	682	504	956	1150	302	1403	655	1238	1711	1718	827	523	800	822	683	1038.08	1345	731	0.682	-0.551	-3.105	0.0019052194225538	0.0425445456887984	0.0843	0.1554	0.0952	0.0952	TRUE	0.3869
LOC124789150	41	35	97	86	45	24	18	41	34	11	44	38	67	65	38	29	19	34	24	25	38.33	50	26	0.67	-0.577	-3.096	0.00196400051526886	0.0434178544627551	0.0458	0.2592	0.0814	0.0814	TRUE	0.0886
LOC124777240	82	75	35	47	85	24	16	23	44	11	88	82	24	35	72	29	17	19	31	25	42.34	60	24	0.609	-0.716	-3.089	0.00200870110126817	0.0439656528644513	0.1692	0.2489	0.1841	0.1841	TRUE	0.0966
LOC124722901	36	24	36	24	32	18	7	10	14	1	39	26	25	18	27	22	7	8	10	2	18.48	27	10	0.598	-0.742	-3.087	0.00202294043826866	0.0442042529431577	0.0963	0.3749	0.1716	0.1716	TRUE	1.0061
LOC124754405	1070	935	1265	1368	1076	508	546	980	1162	278	1151	1024	869	1026	918	616	566	821	831	629	845.08	998	693	0.768	-0.381	-3.082	0.00205354705881526	0.0447254443303153	0.0204	0.1563	0.0333	0.0333	TRUE	0.1528
LOC124794873	10	9	12	12	12	1	0	4	4	3	11	10	8	9	10	1	0	3	3	7	6.23	10	3	0.538	-0.893	-3.08	0.00207244435930415	0.0450629034579729	0	0.8144	0.2065	0.2065	TRUE	0.3623
LOC124802880	16	19	40	39	27	16	10	7	9	1	17	21	27	29	23	19	10	6	6	2	16.21	23	9	0.6	-0.736	-3.075	0.00210611008087433	0.0455981817869935	0.0671	0.4062	0.1646	0.1646	TRUE	0.9908
LOC124805287	770	674	1523	1816	1461	370	511	811	1188	224	828	738	1047	1362	1246	449	530	679	849	507	823.52	1044	603	0.704	-0.506	-3.074	0.00211346416515878	0.0455981817869935	0.0668	0.1564	0.0781	0.0781	TRUE	0.1609
LOC124720271	1997	1839	3660	2589	3277	1150	1437	1621	2796	448	2148	2014	2515	1942	2794	1395	1491	1357	1999	1013	1866.93	2283	1451	0.736	-0.443	-3.068	0.00215746344988079	0.0463032917395808	0.0418	0.1536	0.0537	0.0537	TRUE	0.5504
LOC124781286	1380	665	1759	11582	3703	934	753	191	40	264	1484	728	1209	8690	3158	1133	781	160	29	597	1796.84	3054	540	0.493	-1.022	-3.066	0.00216842270241614	0.0464631932449749	1.0303	0.1537	0.7973	0.7973	TRUE	0.7921
LOC124775374	6257	6546	10586	11066	7465	5310	5224	6052	7111	2000	6729	7170	7275	8302	6366	6442	5419	5067	5084	4523	6237.79	7168	5307	0.796	-0.329	-3.065	0.00217638638800286	0.046558495234142	0.014	0.1521	0.0239	0.0239	TRUE	0.1773
LOC124787658	722	398	158	231	426	161	109	112	213	20	776	436	109	173	363	195	113	94	152	45	245.73	371	120	0.574	-0.801	-3.064	0.00218675646390294	0.046629676481486	0.3803	0.1682	0.3319	0.3319	TRUE	0.2216
LOC124711823	3004	2702	6242	2882	3063	1820	1126	2399	2385	860	3231	2960	4289	2162	2612	2208	1168	2009	1705	1945	2428.88	3051	1807	0.713	-0.487	-3.057	0.00223667657694953	0.0475410453161569	0.0583	0.1531	0.073	0.073	TRUE	0.3123
LOC124711829	158	209	247	268	270	96	85	140	189	13	170	229	170	201	230	116	88	117	135	29	148.63	200	97	0.663	-0.593	-3.05	0.00228674761250445	0.0483328719093353	0.1113	0.1792	0.1259	0.1259	TRUE	0.7584
LOC124721386	257160	187474	430101	412971	374736	167042	127917	220872	321872	76137	276561	205359	295561	309836	319550	202659	132703	184927	230113	172191	232945.87	281373	184519	0.748	-0.42	-3.05	0.00228852973018828	0.0483328719093353	0.0323	0.1514	0.0478	0.0478	TRUE	0.308
LOC124722163	1075	748	1779	1745	1207	589	550	837	921	98	1156	819	1223	1309	1029	715	571	701	658	222	840.25	1107	573	0.676	-0.565	-3.051	0.00228452884615579	0.0483328719093353	0.1055	0.1563	0.1142	0.1142	TRUE	1.2607
LOC124711274	349	261	503	261	233	147	204	162	148	37	375	286	346	196	199	178	212	136	106	84	211.65	280	143	0.673	-0.571	-3.047	0.0023133857649962	0.0487024710653095	0.1033	0.1709	0.1146	0.1146	TRUE	0.1463
LOC124723100	82	59	112	164	97	40	61	60	66	24	88	65	77	123	83	49	63	50	47	54	69.9	87	53	0.72	-0.474	-3.041	0.00235913222101314	0.0493459939609729	0.0291	0.2105	0.054	0.054	TRUE	0.5569
LOC124788117	986	702	1320	1381	1200	546	581	650	877	103	1060	769	907	1036	1023	662	603	544	627	233	746.51	959	534	0.698	-0.519	-3.04	0.00236258572506093	0.0493459939609729	0.0779	0.1569	0.0904	0.0904	TRUE	1.0925
LOC124770387	115	165	210	261	230	58	148	62	68	12	124	181	144	196	196	70	154	52	49	27	119.22	168	70	0.629	-0.67	-3.036	0.00239551240871895	0.0498763762834219	0.1932	0.186	0.1916	0.1916	TRUE	2.4782
LOC124717185	48	36	81	113	59	5	22	34	45	1	52	39	56	85	50	6	23	28	32	2	37.36	56	18	0.589	-0.764	-3.036	0.00240118635352244	0.0499160277760505	0.285	0.262	0.2781	0.2781	TRUE	0.3997
LOC124777056	1276	991	2174	2017	2176	752	1136	785	1409	248	1372	1086	1494	1513	1856	912	1179	657	1007	561	1163.69	1464	863	0.715	-0.484	-3.034	0.00241070426337205	0.0499570357677194	0.0598	0.1549	0.0745	0.0745	TRUE	0.2971
LOC124798677	395	428	300	1406	494	297	146	244	138	30	425	469	206	1055	421	360	151	204	99	68	345.85	515	176	0.591	-0.76	-3.035	0.00240876836729765	0.0499570357677194	0.348	0.1633	0.3063	0.3063	TRUE	0.6039
LOC124709142	8	7	25	11	10	0	3	1	4	3	9	8	17	8	9	0	3	1	3	7	6.38	10	3	0.538	-0.895	-3.033	0.00242366615106142	0.0499909457513322	0.0969	0.7986	0.2983	0.2983	TRUE	0.7546
