Id	SPICE_S_Iso_SRR11815240	SPICE_S_Iso_SRR11815251	SPICE_S_Iso_SRR11815261	SPICE_S_Iso_SRR11815273	SPICE_S_Iso_SRR11815274	SPICE_G_Crd_SRR11815268	SPICE_G_Crd_SRR11815269	SPICE_G_Crd_SRR11815270	SPICE_G_Crd_SRR11815271	SPICE_G_Crd_SRR11815272	norm.SPICE_S_Iso_SRR11815240	norm.SPICE_S_Iso_SRR11815251	norm.SPICE_S_Iso_SRR11815261	norm.SPICE_S_Iso_SRR11815273	norm.SPICE_S_Iso_SRR11815274	norm.SPICE_G_Crd_SRR11815268	norm.SPICE_G_Crd_SRR11815269	norm.SPICE_G_Crd_SRR11815270	norm.SPICE_G_Crd_SRR11815271	norm.SPICE_G_Crd_SRR11815272	baseMean	Isolated	Crowded	FoldChange	log2FoldChange	stat	pvalue	padj	dispGeneEst	dispFit	dispMAP	dispersion	betaConv	maxCooks
LOC124798514	10	8	13	14	19	107	116	167	207	84	11	9	9	11	16	130	120	140	148	190	78.31	11	146	12.714	3.668	13.16	1.48227308632389e-39	1.96282602091009e-35	0	0.2041	0.0518	0.0518	TRUE	0.2975
LOC124798525	5	2	2	3	4	289	258	105	278	156	5	2	1	2	3	351	268	88	199	353	127.23	3	252	79.155	6.307	11.744	7.59146270242018e-32	2.62148947878377e-28	0.2159	0.1839	0.2078	0.2078	TRUE	0.0994
LOC124712031	8	3	15	1	2	264	190	222	267	144	9	3	10	1	2	320	197	186	191	326	124.45	5	244	44.988	5.491	11.166	6.01114685525818e-29	1.59199213314658e-25	0.2334	0.1846	0.2132	0.2132	TRUE	0.3605
LOC124777333	11	24	59	35	19	141	172	177	249	89	12	26	41	26	16	171	178	148	178	201	99.81	24	175	6.814	2.769	9.267	1.91771126706466e-20	3.17429157480878e-17	0.0603	0.1928	0.0908	0.0908	TRUE	1.074
LOC124805215	126	53	128	142	137	1090	854	2320	3372	3785	136	58	88	107	117	1322	886	1942	2411	8560	1562.65	101	3024	26.858	4.747	8.804	1.32077746163697e-18	1.74897351469968e-15	0.4334	0.154	0.368	0.368	TRUE	1.2838
LOC124804688	129	22	79	113	81	1083	746	1780	2305	3292	139	24	54	85	69	1314	774	1490	1648	7445	1304.22	74	2534	29.852	4.9	8.222	2.00447851734146e-16	2.4130276842396e-13	0.5534	0.1546	0.4548	0.4548	TRUE	2.8722
LOC124804802	113	57	119	88	86	418	236	564	542	285	122	62	82	66	73	507	245	472	387	645	266.13	81	451	5.26	2.395	8.164	3.24996706005638e-16	3.58633865077221e-13	0.0879	0.1669	0.1037	0.1037	TRUE	0.0992
LOC124804691	0	0	0	1	2	78	99	140	90	204	0	0	0	1	2	95	103	117	64	461	84.27	1	168	200.535	7.648	8.04	8.99845379664873e-16	8.51125179823018e-13	0.62	0.2004	0.4622	0.4622	TRUE	2.8394
LOC124804687	91	63	83	72	116	368	484	1123	1904	1455	98	69	57	54	99	446	502	940	1361	3291	691.75	75	1308	15.742	3.977	7.912	2.52563776269746e-15	2.09028095335248e-12	0.366	0.1574	0.3189	0.3189	TRUE	0.4555
LOC124805172	0	0	0	0	0	21	19	60	87	18	0	0	0	0	0	25	20	50	62	41	19.83	0	40	156.96	7.294	7.717	1.18939198364408e-14	8.74996035967493e-12	0.2063	0.3597	0.2596	0.2596	TRUE	0.0508
LOC124791362	72	66	126	156	110	201	219	374	537	126	77	72	87	117	94	244	227	313	384	285	190.02	89	291	3.083	1.624	7.59	3.20811517134853e-14	2.16778017273588e-11	0.0354	0.1731	0.0531	0.0531	TRUE	0.1888
LOC124799270	6	7	2	15	3	42	211	87	136	121	6	8	1	11	3	51	219	73	97	274	74.29	6	143	21.34	4.416	7.44	1.00505114170206e-13	5.7864727036603e-11	0.4462	0.207	0.3812	0.3812	TRUE	0.0707
LOC124789762	1	4	4	2	3	164	2	350	301	292	1	4	3	2	3	199	2	293	215	660	138.19	3	274	81.058	6.341	7.419	1.17654488527273e-13	6.49158640449231e-11	1.09	0.1813	0.8285	0.8285	TRUE	0.1614
LOC124805478	4	1	6	6	3	74	25	125	77	150	4	1	4	5	3	90	26	105	55	339	63.12	3	123	30.493	4.93	7.392	1.44509146393514e-13	7.65436046617163e-11	0.535	0.2168	0.4539	0.4539	TRUE	0.6826
LOC124711568	7	16	10	13	6	37	77	85	177	74	8	18	7	10	5	45	80	71	127	167	53.66	10	98	9.685	3.276	7.374	1.65979150588017e-13	8.45344581571741e-11	0.1935	0.2284	0.2013	0.2013	TRUE	0.1212
LOC124717267	3	10	6	5	3	24	41	52	94	30	3	11	4	4	3	29	43	44	67	68	27.49	5	50	9.551	3.256	7.234	4.68335820248906e-13	2.29692701175408e-10	0.1074	0.3017	0.1592	0.1592	TRUE	0.3134
LOC124789780	3	1	2	2	7	36	31	30	49	12	3	1	1	2	6	44	32	25	35	27	17.63	3	33	11.346	3.504	7.094	1.30102605130476e-12	5.94075412806126e-10	0.0215	0.3857	0.1334	0.1334	TRUE	0.645
LOC124803056	0	2	1	2	0	29	37	21	73	23	0	2	1	2	0	35	38	18	52	52	19.97	1	39	36.297	5.182	7.088	1.36095723454224e-12	6.00726523326945e-10	0	0.3582	0.2031	0.2031	TRUE	0.172
LOC124795919	0	1	2	3	0	88	54	156	11	42	0	1	1	2	0	107	56	131	8	95	40.1	1	79	58.583	5.872	6.997	2.61090297335204e-12	1.08042428666024e-09	0.6716	0.2544	0.5312	0.5312	TRUE	0.1404
LOC124802921	307	71	159	52	133	820	861	2435	3289	1998	330	78	109	39	113	995	893	2039	2351	4519	1146.64	134	2159	14.24	3.832	6.896	5.33783877547672e-12	2.07893120779008e-09	0.4818	0.155	0.403	0.403	TRUE	0.3997
LOC124795391	24	23	20	32	18	137	117	176	319	431	26	25	14	24	15	166	121	147	228	975	174.19	21	327	13.865	3.793	6.839	7.99616130491256e-12	3.02529051427578e-09	0.4451	0.1751	0.3824	0.3824	TRUE	4.3135
LOC124802814	78	84	101	98	42	211	415	878	972	1099	84	92	69	74	36	256	431	735	695	2485	495.67	71	920	11.544	3.529	6.739	1.59176608733333e-11	5.85504625790777e-09	0.4132	0.1597	0.3546	0.3546	TRUE	0.983
LOC124798455	152	116	334	242	203	291	508	986	1183	251	163	127	230	182	173	353	527	826	846	568	399.37	175	624	3.296	1.721	6.453	1.09864113553922e-10	3.73030920943857e-08	0.0811	0.1617	0.0935	0.0935	TRUE	0.085
LOC124795472	1	4	2	6	3	89	70	82	8	50	1	4	1	5	3	108	73	69	6	113	38.19	3	74	21.778	4.445	6.429	1.28846050798136e-10	4.26544851167229e-08	0.5592	0.2595	0.4813	0.4813	TRUE	0.1888
LOC124717260	2	1	8	3	7	6	24	570	155	191	2	1	5	2	6	7	25	477	111	432	106.92	3	210	44.653	5.481	6.393	1.62355921561664e-10	5.24370027638917e-08	1.1756	0.19	0.9024	0.9024	TRUE	0.0392
LOC124718860	13	12	17	21	19	41	72	64	78	63	14	13	12	16	16	50	75	54	56	142	44.7	14	75	4.728	2.241	6.389	1.66940820017666e-10	5.26340556827127e-08	0.1017	0.2438	0.1275	0.1275	TRUE	0.9516
LOC124720306	0	0	0	1	0	13	35	28	15	14	0	0	0	1	0	16	36	23	11	32	11.87	0	24	64.015	6	6.3	2.96948025480803e-10	8.93678580321999e-08	0	0.4995	0.2914	0.2914	TRUE	0.1632
LOC124800984	32	36	66	108	61	174	170	161	240	64	34	39	45	81	52	211	176	135	172	145	109.08	50	168	3.058	1.612	6.274	3.51352264401679e-10	1.03391259671267e-07	0.0565	0.1893	0.0785	0.0785	TRUE	0.739
LOC124791378	25	18	17	34	25	52	72	168	155	31	27	20	12	26	21	63	75	141	111	70	56.45	21	92	4.029	2.011	6.254	4.00199290817194e-10	1.15205195847854e-07	0.0898	0.2246	0.1143	0.1143	TRUE	0.1698
LOC124789749	2	0	2	3	1	6	4	121	223	172	2	0	1	2	1	7	4	101	159	389	66.78	1	132	62.949	5.976	6.11	9.95922311401207e-10	2.74750067657808e-07	1.46	0.2133	1.0757	1.0757	TRUE	0.2236
LOC124798547	117	35	47	51	41	320	144	429	623	206	126	38	32	38	35	388	149	359	445	466	207.78	54	361	5.987	2.582	6.038	1.55683433336138e-09	4.20726535558599e-07	0.2581	0.1713	0.2393	0.2393	TRUE	2.0308
LOC124777064	228	253	171	458	128	409	1494	1222	2493	1122	245	277	118	344	109	496	1550	1023	1782	2538	848.17	219	1478	5.996	2.584	5.977	2.27741047702774e-09	6.03149390736026e-07	0.2799	0.1563	0.2532	0.2532	TRUE	0.0771
LOC124720432	15	14	18	19	3	41	61	73	70	44	16	15	12	14	3	50	63	61	50	100	38.43	12	65	4.737	2.244	5.937	2.90805245075935e-09	7.26574161376514e-07	0.1107	0.2589	0.152	0.152	TRUE	0.8705
LOC124798603	2	4	1	3	6	18	19	29	65	35	2	4	1	2	5	22	20	24	46	79	20.6	3	38	11.305	3.499	5.94	2.85493005867674e-09	7.26574161376514e-07	0.2851	0.3519	0.3025	0.3025	TRUE	0.2534
LOC124798323	127	88	172	169	270	302	325	571	570	197	137	96	118	127	230	366	337	478	408	446	274.29	142	407	2.657	1.41	5.897	3.69999041381763e-09	9.07319871477279e-07	0.0595	0.1665	0.0753	0.0753	TRUE	0.9026
LOC124789786	1	0	3	0	7	18	41	46	70	7	1	0	2	0	6	22	43	39	50	16	17.79	2	34	15.038	3.911	5.825	5.71883328236983e-09	1.35229982723467e-06	0.3597	0.3836	0.3707	0.3707	TRUE	0.5797
LOC124777258	13737	39913	18041	16414	6789	92694	110897	209454	180677	31142	14773	43721	12398	12315	5789	112458	115046	175367	129170	70430	69146.72	17799	120494	5.917	2.565	5.713	1.11153404315876e-08	2.58226908763304e-06	0.3979	0.1515	0.2802	0.2802	TRUE	1.0239
LOC124711857	9	9	22	7	14	46	42	59	56	66	10	10	15	5	12	56	44	49	40	149	38.99	10	68	5.553	2.473	5.634	1.75956651834127e-08	3.94918302302968e-06	0.2082	0.2573	0.2185	0.2185	TRUE	2.9149
LOC124787799	1	0	5	3	7	26	1	172	257	170	1	0	3	2	6	32	1	144	184	384	75.75	2	149	38.658	5.273	5.636	1.7433683630391e-08	3.94918302302968e-06	1.5618	0.2059	1.1142	1.1142	TRUE	0.1387
LOC124803027	211	79	43	64	175	384	329	1566	2009	1170	227	87	30	48	149	466	341	1311	1436	2646	674.09	108	1240	9.695	3.277	5.603	2.11074696028161e-08	4.58205102427035e-06	0.5513	0.1575	0.4701	0.4701	TRUE	0.1424
LOC124777235	19	18	38	24	16	73	64	234	240	17	20	20	26	18	14	89	66	196	172	38	65.88	20	112	5.034	2.332	5.585	2.3344030172286e-08	4.90228471669038e-06	0.2194	0.2141	0.2183	0.2183	TRUE	0.0561
LOC124805241	38	69	70	124	101	143	129	1180	990	271	41	76	48	93	86	173	134	988	708	613	295.97	69	523	6.543	2.71	5.533	3.15170174889441e-08	6.42074377828611e-06	0.3765	0.1654	0.3287	0.3287	TRUE	0.062
LOC124717283	1	0	2	11	8	28	69	35	64	165	1	0	1	8	7	34	72	29	46	373	57.13	3	111	22.899	4.517	5.505	3.6932544035587e-08	7.29941415103348e-06	1.135	0.2237	0.8388	0.8388	TRUE	3.9182
LOC124805195	489	119	116	128	18	2462	1525	1612	2297	1951	526	130	80	96	15	2987	1582	1350	1642	4412	1282.05	169	2395	11.604	3.537	5.479	4.2679237785513e-08	8.31115392287888e-06	0.7301	0.1546	0.5815	0.5815	TRUE	1.1366
LOC124717389	30	15	73	64	19	133	37	695	1041	160	32	16	50	48	16	161	38	582	744	362	205.08	32	377	9.629	3.267	5.462	4.70612139110865e-08	8.90263706586582e-06	0.5891	0.1715	0.4863	0.4863	TRUE	0.0508
LOC124719983	3	1	4	8	2	15	24	27	48	82	3	1	3	6	2	18	25	23	34	185	30.02	3	57	14.778	3.885	5.422	5.90810833135269e-08	1.02941013847069e-05	0.6648	0.289	0.5713	0.5713	TRUE	7.0231
LOC124799061	72	39	74	104	73	156	111	215	355	161	77	43	51	78	62	189	115	180	254	364	141.36	62	220	3.139	1.65	5.419	5.99679901383269e-08	1.03129366936588e-05	0.1102	0.1806	0.1251	0.1251	TRUE	0.1798
LOC124791394	1133	1317	1321	1303	1512	2201	2555	2791	5202	2645	1218	1443	908	978	1289	2670	2651	2337	3719	5982	2319.44	1167	3472	2.685	1.425	5.324	1.01333837404757e-07	1.72033676270999e-05	0.095	0.1532	0.1042	0.1042	TRUE	0.6494
LOC124711778	115	98	198	148	159	181	197	329	364	167	124	107	136	111	136	220	204	275	260	378	195.1	123	267	2.009	1.006	5.303	1.13885495377897e-07	1.90895155670141e-05	0.0289	0.1726	0.047	0.047	TRUE	0.3762
LOC124718981	7	12	18	11	16	28	32	159	83	211	8	13	12	8	14	34	33	133	59	477	79.18	11	147	10.793	3.432	5.297	1.17556181673449e-07	1.94584869714976e-05	0.6635	0.2036	0.5526	0.5526	TRUE	1.1541
LOC124802701	148	102	172	183	183	265	204	362	336	127	159	112	118	137	156	322	212	303	240	287	204.61	136	273	1.855	0.892	5.162	2.43880187470076e-07	3.79936640291617e-05	0.0221	0.1716	0.0393	0.0393	TRUE	0.1348
LOC124777576	3	2	29	9	7	45	153	34	47	107	3	2	20	7	6	55	159	28	34	242	55.54	8	104	10.538	3.398	5.14	2.75023893039466e-07	4.18605332371104e-05	0.6878	0.2258	0.568	0.568	TRUE	0.1757
LOC124721130	1	1	0	1	3	3	4	91	72	34	1	1	0	1	3	4	4	76	51	77	21.78	1	42	26.589	4.733	5.129	2.91052511504293e-07	4.33046894083129e-05	1.0833	0.341	0.8617	0.8617	TRUE	0.0553
LOC124803439	2	2	3	3	4	0	4	261	305	39	2	2	2	2	3	0	4	219	218	88	54.1	2	106	28.142	4.815	5.019	5.18884096428392e-07	7.55061890648876e-05	1.6837	0.2278	1.23	1.23	TRUE	0.0249
LOC124795620	131	338	338	341	360	469	1622	649	1181	537	141	370	232	256	307	569	1683	543	844	1214	616.01	261	971	3.208	1.682	4.996	5.85563842176869e-07	8.42830043272403e-05	0.1735	0.1581	0.1702	0.1702	TRUE	0.1618
LOC124804686	0	1	1	0	1	3	1	437	5	520	0	1	1	0	1	4	1	366	4	1176	155.28	1	310	125.779	6.975	4.927	8.34541334602489e-07	0.00011632627739796	3.3664	0.178	2.222	3.3664	TRUE	0.5379
LOC124789548	50	38	58	47	66	91	87	119	121	71	54	42	40	35	56	110	90	100	87	161	77.42	45	110	2.161	1.112	4.924	8.4770783690736e-07	0.000116930699753409	0.0363	0.2048	0.0627	0.0627	TRUE	0.5091
LOC124787842	648	922	1073	1102	1117	1188	1411	1711	2293	1004	697	1010	737	827	953	1441	1464	1433	1639	2271	1247.11	845	1650	1.802	0.849	4.919	8.69020741826765e-07	0.000118634769724433	0.0317	0.1547	0.0452	0.0452	TRUE	0.5292
LOC124720521	18	5	7	6	8	101	5	132	206	28	19	5	5	5	7	123	5	111	147	63	48.98	8	90	8.736	3.127	4.909	9.13800263452248e-07	0.00012274580212714	0.6435	0.2357	0.5404	0.5404	TRUE	0.2417
LOC124789268	38	38	118	98	71	112	89	388	422	150	41	42	81	74	61	136	92	325	302	339	149.17	60	239	3.396	1.764	4.909	9.17673645264075e-07	0.00012274580212714	0.1911	0.1791	0.1889	0.1889	TRUE	0.081
LOC124789546	21	23	47	20	44	57	60	87	95	29	23	25	32	15	38	69	62	73	68	66	47.03	27	68	2.286	1.193	4.9	9.57881926081615e-07	0.000126842724651727	0.022	0.2392	0.0656	0.0656	TRUE	0.47
LOC124796352	27	49	42	34	42	56	88	108	121	33	29	54	29	26	36	68	91	90	87	75	58.37	35	82	2.181	1.125	4.898	9.67693646021528e-07	0.00012687326000611	0.0255	0.2222	0.0609	0.0609	TRUE	0.6323
LOC124789741	4	3	4	4	4	20	18	11	25	24	4	3	3	3	3	24	19	9	18	54	14.1	3	25	5.81	2.539	4.857	1.18943692859164e-06	0.000150004988651528	0.2064	0.4443	0.2556	0.2556	TRUE	0.4405
LOC124777671	78	120	412	410	300	745	344	1328	1332	1250	84	131	283	308	256	904	357	1112	952	2827	721.37	212	1230	4.727	2.241	4.833	1.34206313363353e-06	0.00016475823199747	0.3945	0.1571	0.327	0.327	TRUE	0.5219
LOC124797805	391	722	317	411	644	1053	2155	1698	2647	5186	420	791	218	308	549	1278	2236	1422	1892	11729	2084.26	457	3711	6.474	2.695	4.833	1.3437463416196e-06	0.00016475823199747	0.5702	0.1534	0.468	0.468	TRUE	7.7339
LOC124788015	688	726	791	1272	753	1821	1079	3860	2501	717	740	795	544	954	642	2209	1119	3232	1788	1622	1364.52	735	1994	2.407	1.267	4.819	1.44146454903858e-06	0.000173526123257899	0.1007	0.1544	0.1064	0.1064	TRUE	0.2436
LOC124804656	27	20	36	54	15	119	169	59	86	56	29	22	25	41	13	144	175	49	61	127	68.62	26	111	3.594	1.845	4.815	1.47145663349017e-06	0.000175540799465558	0.2051	0.2116	0.2064	0.2064	TRUE	0.0552
LOC124795445	21	22	14	46	44	22	348	172	180	96	23	24	10	35	38	27	361	144	129	217	100.59	26	176	5.494	2.458	4.796	1.61521665186216e-06	0.000190970525928202	0.4381	0.1925	0.3807	0.3807	TRUE	0.1265
LOC124796321	0	1	2	0	2	44	34	19	5	4	0	1	1	0	2	53	35	16	4	9	12.14	1	23	18.487	4.208	4.789	1.67841722155554e-06	0.000196686733166712	0.7327	0.4918	0.6609	0.6609	TRUE	0.0974
LOC124777858	4	2	4	13	0	12	54	33	37	50	4	2	3	10	0	15	56	28	26	113	25.67	4	48	9.292	3.216	4.784	1.7204826105929e-06	0.000199847637977817	0.6658	0.3123	0.5561	0.5561	TRUE	0.3696
LOC124720137	0	1	1	3	1	21	199	1	2	330	0	1	1	2	1	25	206	1	1	746	98.54	1	196	67.798	6.083	4.762	1.91270215222449e-06	0.00021834484396342	2.6298	0.1933	1.8465	2.6298	TRUE	0.6807
LOC124712022	1	9	8	10	1	16	235	38	29	28	1	10	5	8	1	19	244	32	21	63	40.39	5	76	11.228	3.489	4.748	2.05478030100521e-06	0.000232086480670767	0.9054	0.2537	0.7273	0.7273	TRUE	1.5962
LOC124795417	153	143	241	256	336	252	724	1047	2214	179	165	157	166	192	287	306	751	877	1583	405	488.65	193	784	3.398	1.764	4.745	2.08886613123883e-06	0.000232443405965248	0.2295	0.1599	0.2154	0.2154	TRUE	0.2477
LOC124804598	1	0	0	0	0	17	11	5	10	3	1	0	0	0	0	21	11	4	7	7	5.12	0	10	24.815	4.633	4.715	2.41681776408452e-06	0.000264491742413283	0.2915	0.9577	0.5046	0.5046	TRUE	0.3781
LOC124798520	0	0	0	0	0	3	8	6	9	5	0	0	0	0	0	4	8	5	6	11	3.47	0	7	24.784	4.631	4.701	2.59155393018953e-06	0.000281289812652211	0.0025	1.3416	0.4912	0.4912	TRUE	0.0676
LOC124788290	1	0	1	2	0	1	2	53	63	38	1	0	1	2	0	1	2	44	45	86	18.19	1	36	28.963	4.856	4.671	3.00151231649119e-06	0.000323138423536393	1.5048	0.3785	1.1347	1.1347	TRUE	0.0863
LOC124717311	76	98	140	152	85	162	140	199	258	82	82	107	96	114	72	197	145	167	184	185	135.01	94	176	1.707	0.771	4.66	3.16329118214257e-06	0.000335106414671455	0.0152	0.182	0.036	0.036	TRUE	0.1745
LOC124710724	251	248	237	319	214	366	354	731	655	362	270	272	163	239	182	444	367	612	468	819	383.66	225	542	2.14	1.098	4.653	3.27861646808697e-06	0.000344566978336568	0.0749	0.1622	0.0857	0.0857	TRUE	0.2702
LOC124789719	3	0	0	1	5	48	20	36	56	1	3	0	0	1	4	58	21	30	40	2	15.97	2	30	13.018	3.702	4.618	3.87401864056109e-06	0.000400779334674296	0.9319	0.4101	0.7223	0.7223	TRUE	0.1529
LOC124711866	8	22	7	3	10	58	315	13	315	14	9	24	5	2	9	70	327	11	225	32	71.32	10	133	10.057	3.33	4.61	4.02288113276297e-06	0.000403568120909448	0.9631	0.2093	0.7666	0.7666	TRUE	0.096
LOC124711697	108	258	322	189	259	585	528	544	493	206	116	283	221	142	221	710	548	455	352	466	351.4	197	506	2.263	1.178	4.6	4.23033570858724e-06	0.000414948929282313	0.0887	0.1632	0.1023	0.1023	TRUE	0.2463
LOC124798509	5	50	16	64	28	32	117	939	319	152	5	55	11	48	24	39	121	786	228	344	166.12	29	304	7.904	2.983	4.597	4.29380670451026e-06	0.000418077855743566	0.8079	0.1763	0.6432	0.6432	TRUE	0.286
LOC124789846	16	3	9	26	55	211	274	4	225	561	17	3	6	20	47	256	284	3	161	1269	206.63	19	395	14.131	3.821	4.594	4.34714935361203e-06	0.000420182129492924	1.4252	0.1714	1.0775	1.0775	TRUE	0.866
LOC124711548	167	108	392	206	183	368	275	943	1117	1684	180	118	269	155	156	446	285	790	799	3809	700.63	176	1226	5.395	2.432	4.578	4.68393164705489e-06	0.00043989094234256	0.5391	0.1573	0.4467	0.4467	TRUE	2.4646
LOC124776658	32	42	98	63	54	121	86	119	127	54	34	46	67	47	46	147	89	100	91	122	78.97	48	110	2.003	1.002	4.556	5.20722052605545e-06	0.000480887229270872	0.0394	0.2037	0.0642	0.0642	TRUE	0.3435
LOC124798601	17	21	27	32	23	47	48	92	90	148	18	23	19	24	20	57	50	77	64	335	68.64	21	117	4.382	2.132	4.555	5.22940349003213e-06	0.000480887229270872	0.3606	0.2116	0.3283	0.3283	TRUE	8.1767
LOC124789667	1208	1007	2418	1686	1025	2137	2626	3062	5041	3738	1299	1103	1662	1265	874	2593	2724	2564	3604	8454	2614.11	1241	3988	2.7	1.433	4.495	6.94071991112217e-06	0.000621006845020809	0.1717	0.153	0.168	0.168	TRUE	3.0297
LOC124719741	3	5	7	3	5	14	61	23	19	7	3	5	5	2	4	17	63	19	14	16	14.9	4	26	4.973	2.314	4.482	7.38400992772313e-06	0.000651860396419398	0.2721	0.4287	0.3036	0.3036	TRUE	4.1454
LOC124777946	0	0	0	1	1	4	18	11	6	15	0	0	0	1	1	5	19	9	4	34	7.26	0	14	20.991	4.392	4.474	7.66481381563162e-06	0.000672168639381416	0.5741	0.7207	0.6188	0.6188	TRUE	0.1739
LOC124805313	69	225	489	451	239	700	375	3087	1764	369	74	246	336	338	204	849	389	2585	1261	835	711.74	240	1184	3.877	1.955	4.466	7.9732883513333e-06	0.000685599249015296	0.3535	0.1572	0.3171	0.3171	TRUE	0.3971
LOC124720047	16	59	175	141	74	60	367	531	791	347	17	65	120	106	63	73	381	445	566	785	261.94	74	450	4.624	2.209	4.452	8.48804705172242e-06	0.000720504609351976	0.4749	0.1672	0.4007	0.4007	TRUE	0.101
LOC124789506	45	32	108	136	53	94	162	235	278	69	48	35	74	102	45	114	168	197	199	156	113.86	61	167	2.339	1.226	4.445	8.80883703491453e-06	0.000742972102014893	0.1006	0.1877	0.1162	0.1162	TRUE	0.9521
LOC124742380	117	88	92	127	106	214	273	346	324	48	126	96	63	95	90	260	283	290	232	109	164.38	94	235	2.18	1.125	4.427	9.54670891511161e-06	0.000795078738703823	0.0851	0.1765	0.1006	0.1006	TRUE	0.752
LOC124802550	1	1	2	3	12	12	6	34	47	108	1	1	1	2	10	15	6	28	34	244	34.31	3	65	12.734	3.671	4.428	9.50618817938366e-06	0.000795078738703823	1.2665	0.2718	0.9992	0.9992	TRUE	3.9105
LOC124712519	815	885	1680	1695	1619	1859	1636	5091	5471	5108	876	969	1154	1272	1381	2255	1697	4262	3911	11552	2933.13	1130	4735	3.335	1.738	4.415	1.01105435943012e-05	0.000832934149238959	0.2928	0.1528	0.2625	0.2625	TRUE	0.8511
LOC124776026	63	64	154	169	122	141	216	306	359	291	68	70	106	127	104	171	224	256	257	658	204.06	95	313	2.718	1.442	4.414	1.01270501455575e-05	0.000832934149238959	0.1748	0.1716	0.1742	0.1742	TRUE	1.9981
LOC124795446	3	0	1	0	1	3	1	63	58	25	3	0	1	0	1	4	1	53	41	57	16.02	1	31	18.653	4.221	4.4	1.08364677899425e-05	0.000885780904163078	1.4673	0.4092	1.1057	1.1057	TRUE	0.1588
LOC124787797	39	3	110	58	24	97	65	270	361	880	42	3	76	44	20	118	67	226	258	1990	284.43	37	532	9.596	3.262	4.393	1.11847093916711e-05	0.000908637556837477	1.1822	0.1659	0.9055	0.9055	TRUE	5.4746
LOC124777043	13	10	7	33	4	14	276	822	46	6	14	11	5	25	3	17	286	688	33	14	109.59	12	208	11.41	3.512	4.374	1.21798026932547e-05	0.000977484528873204	1.3633	0.1891	1.0481	1.0481	TRUE	0.3306
LOC124804947	5560	7513	12530	9572	6309	9409	10539	23383	21759	5754	5979	8230	8610	7182	5380	11415	10933	19578	15556	13013	10587.63	7076	14099	1.786	0.837	4.37	1.24128152513981e-05	0.000990183732283217	0.0511	0.1518	0.0621	0.0621	TRUE	0.2973
LOC124795471	5	9	7	9	5	14	18	19	48	19	5	10	5	7	4	17	19	16	34	43	15.99	6	26	3.26	1.705	4.368	1.2537129033646e-05	0.000994111752476286	0.1027	0.4097	0.1674	0.1674	TRUE	0.1078
LOC124805178	1008	821	1201	1691	981	1207	3651	2626	2938	820	1084	899	825	1269	837	1464	3788	2199	2100	1855	1631.94	983	2281	2.031	1.022	4.362	1.28604928034933e-05	0.00101368241490392	0.0816	0.1539	0.0925	0.0925	TRUE	0.7244
LOC124712543	17778	17240	29895	26365	13410	24723	27139	80378	72005	48988	19119	18885	20544	19781	11435	29994	28154	67297	51478	110791	37747.78	17953	57543	2.645	1.404	4.351	1.35639804817434e-05	0.00105655429140733	0.1945	0.1515	0.1791	0.1791	TRUE	0.2657
LOC124720355	113	176	122	327	214	2034	4741	237	296	226	122	193	84	245	182	2468	4918	198	212	511	913.32	165	1661	6.992	2.806	4.338	1.44086461473841e-05	0.00111578533499217	0.8984	0.1559	0.705	0.705	TRUE	0.2345
LOC124788266	126	183	293	324	121	751	275	582	642	182	136	200	201	243	103	911	285	487	459	412	343.79	177	511	2.422	1.276	4.32	1.56243560841109e-05	0.00120289373991742	0.1434	0.1634	0.1471	0.1471	TRUE	0.5936
LOC124711907	17	9	18	8	26	33	25	56	78	30	18	10	12	6	22	40	26	47	56	68	30.52	14	47	2.778	1.474	4.309	1.64139757753361e-05	0.00125605799155013	0.1238	0.2868	0.1597	0.1597	TRUE	0.1594
LOC124777551	20	4	24	11	23	57	48	36	126	18	22	4	16	8	20	69	50	30	90	41	35.01	14	56	3.15	1.655	4.308	1.65046133914607e-05	0.00125605799155013	0.2011	0.2694	0.2169	0.2169	TRUE	0.1304
LOC124777389	725	437	127	931	111	959	11102	1366	5026	986	780	479	87	698	95	1163	11517	1144	3593	2230	2178.65	428	3929	6.398	2.678	4.304	1.67802871148819e-05	0.00126974035414437	0.8413	0.1533	0.6627	0.6627	TRUE	1.023
LOC124795456	22	49	32	22	23	53	54	111	121	42	24	54	22	17	20	64	56	93	87	95	53.02	27	79	2.452	1.294	4.298	1.72539827190986e-05	0.00129816613162673	0.11	0.2293	0.1338	0.1338	TRUE	0.9403
LOC124795184	396	682	804	660	408	837	981	1672	1333	1068	426	747	552	495	348	1015	1018	1400	953	2415	937	514	1360	2.247	1.168	4.295	1.74527372907667e-05	0.00130570139663465	0.121	0.1558	0.1269	0.1269	TRUE	1.1108
LOC124794930	200	346	342	133	234	427	544	664	759	296	215	379	235	100	200	518	564	556	543	669	397.88	226	570	2.163	1.113	4.288	1.80583085766794e-05	0.00132848956762438	0.1001	0.1618	0.1139	0.1139	TRUE	1.234
LOC124782256	13056	13501	22811	19060	15928	16499	18657	32008	43901	9819	14041	14789	15675	14300	13582	20017	19355	26799	31386	22207	19215.1	14477	23953	1.53	0.613	4.267	1.98069761329336e-05	0.00143324578116015	0.0239	0.1516	0.0348	0.0348	TRUE	0.2446
LOC124713151	0	2	3	1	1	76	71	4	2	3	0	2	2	1	1	92	74	3	1	7	18.33	1	35	15.681	3.971	4.264	2.0092453805708e-05	0.00144600148529992	1.5242	0.3768	1.2026	1.2026	TRUE	0.0637
LOC124720076	50	71	92	83	51	176	146	196	194	30	54	78	63	62	43	214	151	164	139	68	103.62	60	147	2.112	1.079	4.252	2.12190937795806e-05	0.00150258417020966	0.0818	0.1913	0.1013	0.1013	TRUE	0.1691
LOC124773612	0	2	3	5	6	1	3	35	118	97	0	2	2	4	5	1	3	29	84	219	35.05	3	67	13.573	3.763	4.229	2.34664556365164e-05	0.00164414182824735	1.7268	0.2693	1.2816	1.2816	TRUE	0.328
LOC124717061	69	74	81	75	58	180	296	137	162	52	74	81	56	56	49	218	307	115	116	118	119.02	63	175	2.311	1.208	4.221	2.42826752252662e-05	0.00169237465964724	0.1244	0.1861	0.1352	0.1352	TRUE	0.2924
LOC124718923	317	703	363	357	592	900	1459	1566	1324	404	341	770	249	268	505	1092	1514	1311	947	914	791	427	1156	2.269	1.182	4.215	2.49967717202739e-05	0.00172399609958264	0.1344	0.1566	0.1384	0.1384	TRUE	0.9344
LOC124722982	117	191	138	113	130	261	320	286	308	204	126	209	95	85	111	317	332	239	220	461	219.52	125	314	2.132	1.092	4.216	2.4878358303991e-05	0.00172399609958264	0.1018	0.1702	0.1134	0.1134	TRUE	0.517
LOC124789965	17	2	54	70	49	209	65	405	128	104	18	2	37	53	42	254	67	339	92	235	113.87	30	197	4.597	2.201	4.213	2.51716742485683e-05	0.00172706378445358	0.578	0.1877	0.4723	0.4723	TRUE	0.0907
LOC124805240	24	23	43	59	38	42	62	100	111	67	26	25	30	44	32	51	64	84	79	152	58.71	31	86	2.244	1.166	4.201	2.6519767610389e-05	0.00181017918915861	0.0932	0.2218	0.1166	0.1166	TRUE	0.545
LOC124789336	17	67	86	60	41	75	72	282	284	132	18	73	59	45	35	91	75	236	203	299	113.41	46	181	3.019	1.594	4.194	2.73486409332069e-05	0.00184770766957921	0.2678	0.1878	0.2505	0.2505	TRUE	0.0633
LOC124719708	0	1	1	4	1	14	19	2	38	6	0	1	1	3	1	17	20	2	27	14	8.47	1	16	8.317	3.056	4.185	2.85698002404389e-05	0.00192041266387763	0.5282	0.6388	0.559	0.559	TRUE	0.2657
LOC124784817	290	317	463	324	309	350	420	620	660	194	312	347	318	243	263	425	436	519	472	439	377.39	297	458	1.45	0.536	4.174	2.99928868528712e-05	0.00200588791770566	0.0112	0.1623	0.0246	0.0246	TRUE	0.1218
LOC124711771	68	129	149	95	66	177	171	256	217	107	73	141	102	71	56	215	177	214	155	242	144.8	89	201	1.946	0.961	4.167	3.08306501014078e-05	0.00204129734321421	0.0695	0.1799	0.0873	0.0873	TRUE	0.7067
LOC124711951	2	5	0	3	7	23	190	3	216	1	2	5	0	2	6	28	197	3	154	2	40.01	3	77	12.73	3.67	4.166	3.10003606189907e-05	0.00204232226525709	1.8168	0.2546	1.3284	1.3284	TRUE	0.0629
LOC124777415	56	59	40	53	34	80	389	80	158	136	60	65	27	40	29	97	404	67	113	308	120.92	44	198	3.332	1.736	4.15	3.32477262365097e-05	0.00217953658823694	0.3441	0.1856	0.3126	0.3126	TRUE	0.116
LOC124711965	0	0	1	0	0	0	1	40	67	7	0	0	1	0	0	0	1	33	48	16	9.89	0	20	24.261	4.601	4.136	3.5390172487836e-05	0.002297238549431	2.958	0.5689	1.8101	1.8101	TRUE	0.0684
LOC124777491	38	115	126	210	96	256	525	196	288	207	41	126	87	158	82	311	545	164	206	468	218.62	99	339	2.683	1.424	4.12	3.7960346801971e-05	0.00244015005995971	0.2293	0.1703	0.2171	0.2171	TRUE	0.0736
LOC124789508	190	214	265	254	341	781	612	986	964	79	204	234	182	191	291	948	635	826	689	179	437.8	220	655	2.406	1.266	4.115	3.87504250954459e-05	0.00246698619766295	0.1758	0.1608	0.1728	0.1728	TRUE	0.3492
LOC124777899	0	0	0	0	0	7	90	5	2	0	0	0	0	0	0	8	93	4	1	0	10.75	0	21	27.042	4.757	4.094	4.23264935495842e-05	0.0026506611555785	5.1276	0.5357	2.5461	2.5461	TRUE	8.3562
LOC124776733	187	309	308	223	243	291	359	608	646	286	201	338	212	167	207	353	372	509	462	647	346.89	225	469	1.81	0.856	4.092	4.27970868391532e-05	0.00266065269447918	0.0623	0.1633	0.0768	0.0768	TRUE	0.4056
LOC124805192	29	45	75	60	119	111	76	441	103	1017	31	49	52	45	101	135	79	369	74	2300	323.49	56	591	6.519	2.705	4.089	4.33383906866293e-05	0.00268171481061843	1.0594	0.1642	0.824	0.824	TRUE	3.7615
LOC124798582	457	83	380	128	21	1115	643	4592	2131	200	491	91	261	96	18	1353	667	3845	1523	452	879.78	191	1568	5.312	2.409	4.085	4.40779102620344e-05	0.00271478924506912	0.8584	0.1561	0.66	0.66	TRUE	0.5208
LOC124776807	433	504	666	712	528	635	616	1279	1107	555	466	552	458	534	450	770	639	1071	791	1255	698.67	492	905	1.641	0.714	4.076	4.57968599996086e-05	0.00279466368716505	0.0411	0.1573	0.0541	0.0541	TRUE	0.1692
LOC124795141	2897	5017	3077	4856	3445	5607	4213	15082	15848	5479	3116	5496	2114	3643	2938	6803	4371	12628	11330	12391	6482.86	3461	9505	2.246	1.167	4.076	4.57810878039693e-05	0.00279466368716505	0.1425	0.152	0.1533	0.1533	TRUE	0.1639
LOC124776231	353	510	613	417	446	557	661	837	927	282	380	559	421	313	380	676	686	701	663	638	541.55	411	673	1.507	0.592	4.064	4.8316216404877e-05	0.00290819698924264	0.0212	0.159	0.0352	0.0352	TRUE	0.4714
LOC124777662	74	61	141	94	233	170	300	293	322	198	80	67	97	71	199	206	311	245	230	448	195.33	103	288	2.273	1.185	4.06	4.91566673530711e-05	0.00293526383644926	0.1502	0.1725	0.1543	0.1543	TRUE	1.2515
LOC124776089	0	0	0	1	1	1	4	304	0	301	0	0	0	1	1	1	4	255	0	681	94.22	0	188	27.784	4.796	4.045	5.22756112188013e-05	0.00309032876678289	4.982	0.1952	2.7822	4.982	TRUE	0.3568
LOC124795359	7458	6096	11079	11667	8004	7914	9897	19296	22324	6832	8021	6678	7613	8753	6825	9601	10267	16156	15960	15451	10532.57	7578	13487	1.598	0.676	4.038	5.39922272740858e-05	0.00316356227240462	0.0356	0.1518	0.0509	0.0509	TRUE	0.103
LOC124805250	7	7	6	19	11	24	21	41	25	28	8	8	4	14	9	29	22	34	18	63	20.94	9	33	2.799	1.485	4.003	6.24504271886182e-05	0.00364303329000741	0.1646	0.3487	0.2036	0.2036	TRUE	0.4081
LOC124742890	0	0	1	2	0	3	12	11	12	4	0	0	1	2	0	4	12	9	9	9	4.51	1	9	8.588	3.102	3.992	6.54549573366497e-05	0.00376849802196485	0	1.067	0.3577	0.3577	TRUE	0.4276
LOC124777558	8	4	3	25	12	15	739	1	111	22	9	4	2	19	10	18	767	1	79	50	95.88	9	183	9.735	3.283	3.988	6.6504510685651e-05	0.00377045707731348	1.855	0.1945	1.3914	1.3914	TRUE	5.7087
LOC124788165	23	25	40	27	24	38	37	66	82	50	25	27	27	20	20	46	38	55	59	113	43.18	24	62	2.083	1.059	3.988	6.66279229792596e-05	0.00377045707731348	0.0765	0.2471	0.1077	0.1077	TRUE	0.8261
LOC124789795	11	2	17	19	27	27	14	27	122	306	12	2	12	14	23	33	15	23	87	692	91.21	13	170	7.243	2.857	3.987	6.69277874349262e-05	0.00377130962218423	1.3174	0.1967	1.0193	1.0193	TRUE	5.9925
LOC124775969	3	3	3	7	6	16	12	23	19	4	3	3	2	5	5	19	12	19	14	9	9.27	4	15	2.901	1.536	3.984	6.78193439798063e-05	0.0037892985357831	0	0.597	0.1463	0.1463	TRUE	0.1057
LOC124803281	0	5	2	5	1	57	30	10	35	1	0	5	1	4	1	69	31	8	25	2	14.74	2	27	6.692	2.742	3.982	6.83576914479957e-05	0.00380333004266538	0.9069	0.4317	0.7599	0.7599	TRUE	0.2039
LOC124803348	57	62	43	38	50	82	120	127	136	38	61	68	30	29	43	99	124	106	97	86	74.34	46	102	1.911	0.934	3.973	7.09337197033533e-05	0.00391376798463252	0.0669	0.207	0.0906	0.0906	TRUE	0.3736
LOC124795015	1421	1192	2858	1596	1868	2078	1812	5012	4611	1406	1528	1306	1964	1197	1593	2521	1880	4196	3297	3180	2266.17	1518	3015	1.726	0.787	3.966	7.31492814513924e-05	0.00401926466796406	0.0602	0.1532	0.0744	0.0744	TRUE	0.127
LOC124711364	2	3	11	17	3	56	95	22	28	4	2	3	8	13	3	68	99	18	20	9	24.23	6	43	4.601	2.202	3.952	7.73658478995368e-05	0.00419868261428552	0.6297	0.3219	0.5537	0.5537	TRUE	0.1233
LOC124795918	396	398	394	549	290	438	706	1108	1120	942	426	436	271	412	247	531	732	928	801	2130	691.44	358	1024	2.262	1.177	3.95	7.81306990458648e-05	0.00422288455822588	0.1789	0.1574	0.1746	0.1746	TRUE	1.3549
LOC124774999	612	935	1437	1557	878	1297	1341	1778	2178	726	658	1024	987	1168	749	1574	1391	1489	1557	1642	1223.91	917	1531	1.514	0.598	3.935	8.31123753472637e-05	0.00446515625371141	0.0268	0.1548	0.0413	0.0413	TRUE	0.2922
LOC124794920	4	3	8	9	14	11	12	31	55	45	4	3	5	7	12	13	12	26	39	102	22.46	6	38	3.824	1.935	3.935	8.3287539243824e-05	0.00446515625371141	0.4481	0.3353	0.4224	0.4224	TRUE	0.621
LOC124776202	644	406	614	483	1679	1610	1295	1948	3106	1864	693	445	422	362	1432	1953	1343	1631	2221	4216	1471.72	671	2273	2.547	1.349	3.929	8.52868822001007e-05	0.00455390683102312	0.2631	0.1542	0.2402	0.2402	TRUE	1.3373
LOC124777400	15	32	52	23	37	53	53	102	70	65	16	35	36	17	32	64	55	85	50	147	53.75	27	80	2.284	1.191	3.928	8.57627306785398e-05	0.00456092401463946	0.1449	0.2283	0.1613	0.1613	TRUE	0.5659
LOC124805104	80	73	98	117	116	145	123	280	285	46	86	80	67	88	99	176	128	234	204	104	126.58	84	169	1.746	0.804	3.913	9.10051738732033e-05	0.00482036204971583	0.0537	0.184	0.0733	0.0733	TRUE	0.0831
LOC124776374	112	158	241	167	199	186	237	351	315	169	120	173	166	125	170	226	246	294	225	382	212.69	151	275	1.602	0.68	3.908	9.32549867726759e-05	0.00488095863574614	0.0347	0.1708	0.0524	0.0524	TRUE	0.4698
LOC124777589	135	186	246	163	166	191	215	382	381	130	145	204	169	122	142	232	223	320	272	294	212.28	156	268	1.543	0.626	3.906	9.38277398965731e-05	0.00489160209334812	0.0253	0.1709	0.0428	0.0428	TRUE	0.2557
LOC124794821	43	74	87	40	65	85	110	173	157	139	46	81	60	30	55	103	114	145	112	314	106.12	54	158	2.251	1.171	3.904	9.44921180329715e-05	0.00489384541574644	0.1663	0.1903	0.1709	0.1709	TRUE	2.5066
LOC124712002	0	2	0	3	9	27	133	3	102	2	0	2	0	2	8	33	138	3	73	5	26.28	2	50	8.786	3.135	3.893	9.90193551383509e-05	0.00508222597186838	1.8633	0.3086	1.3206	1.3206	TRUE	0.2123
LOC124776484	520	644	1007	667	674	726	965	1929	1729	1427	559	705	692	500	575	881	1001	1615	1236	3227	1099.22	606	1592	2.101	1.071	3.889	0.000100794636423659	0.00514912531702459	0.152	0.1552	0.1526	0.1526	TRUE	0.9071
LOC124788284	112	100	209	111	119	131	297	260	248	99	120	110	144	83	101	159	308	218	177	224	164.43	112	217	1.685	0.753	3.888	0.000101100481983567	0.00514912531702459	0.0488	0.1765	0.0663	0.0663	TRUE	0.3649
LOC124788012	27	19	34	13	17	29	38	62	101	25	29	21	23	10	14	35	39	52	72	57	35.27	19	51	2.113	1.079	3.882	0.000103493283219997	0.00525079715095477	0.0873	0.2685	0.1229	0.1229	TRUE	0.2216
LOC124777831	0	0	0	1	0	2	7	22	27	0	0	0	0	1	0	2	7	18	19	0	4.82	0	9	12.157	3.604	3.88	0.000104249282348018	0.00526340631108787	1.3925	1.0091	1.214	1.214	TRUE	0.0803
LOC124788914	2	2	6	10	1	5	11	59	46	8	2	2	4	8	1	6	11	49	33	18	13.47	3	23	4.183	2.065	3.88	0.000104536766335607	0.00526340631108787	0.4714	0.4581	0.468	0.468	TRUE	0.1384
LOC124787892	128	478	787	326	374	597	437	1618	1726	3242	138	524	541	245	319	724	453	1355	1234	7332	1286.39	353	2220	3.893	1.961	3.874	0.000106947907221847	0.00534416674502527	0.6984	0.1546	0.561	0.561	TRUE	3.5036
LOC124789669	7	13	11	7	8	27	28	22	21	17	8	14	8	5	7	33	29	18	15	38	17.51	8	27	2.407	1.267	3.87	0.000109057291750296	0.00540875152568321	0.0874	0.3873	0.1492	0.1492	TRUE	0.1349
LOC124712552	0	0	2	0	1	6	24	1	7	17	0	0	1	0	1	7	25	1	5	38	7.87	0	15	10.34	3.37	3.864	0.0001115915905996	0.00548734945088019	1.233	0.6763	1.0493	1.0493	TRUE	0.1256
LOC124783948	8419	10506	13420	15925	11400	14050	13754	19831	26726	14007	9054	11508	9222	11948	9721	17046	14269	16604	19107	31678	15015.66	10291	19741	1.665	0.736	3.863	0.000111885240276216	0.00548734945088019	0.0694	0.1517	0.071	0.071	TRUE	1.4236
LOC124776369	342	297	400	422	345	353	458	612	750	174	368	325	275	317	294	428	475	512	536	394	392.43	316	469	1.397	0.482	3.859	0.000113901907636845	0.00552486835504433	0.0107	0.1619	0.0244	0.0244	TRUE	0.0967
LOC124805339	92	12	71	58	36	178	70	214	87	692	99	13	49	44	31	216	73	179	62	1565	233.01	47	419	4.923	2.299	3.855	0.000115661574354589	0.00556942024583081	1.0136	0.1691	0.7925	0.7925	TRUE	5.2767
LOC124798287	52	105	115	65	104	157	148	223	204	261	56	115	79	49	89	190	154	187	146	590	165.43	78	253	2.419	1.274	3.842	0.000122013078064905	0.00585397528889663	0.2408	0.1764	0.2276	0.2276	TRUE	5.6085
LOC124777872	3	11	2	10	17	6	25	58	58	100	3	12	1	8	14	7	26	49	41	226	38.8	8	70	4.888	2.289	3.836	0.000125096622237479	0.00598025080024801	0.923	0.2578	0.7528	0.7528	TRUE	1.5057
LOC124775075	74	87	106	155	101	124	150	204	294	52	80	95	73	116	86	150	156	171	210	118	125.48	90	161	1.589	0.668	3.833	0.000126700068595928	0.00603511621707654	0.0301	0.1843	0.0506	0.0506	TRUE	0.2026
LOC124795640	4	42	9	4	29	45	88	126	181	40	4	46	6	3	25	55	91	105	129	90	55.55	17	94	3.53	1.82	3.83	0.000128195839582326	0.00608447780555257	0.5699	0.2258	0.4789	0.4789	TRUE	1.5571
LOC124720476	8	28	18	50	15	65	550	18	42	86	9	31	12	38	13	79	571	15	30	194	99.1	21	178	4.75	2.248	3.826	0.000130087691066954	0.00615221858967359	0.9738	0.1931	0.7749	0.7749	TRUE	0.5742
LOC124791346	1526	1366	1691	1733	1518	1754	2044	2450	3881	781	1641	1496	1162	1300	1294	2128	2120	2051	2775	1766	1773.48	1379	2168	1.446	0.532	3.822	0.00013235605442031	0.00621510238522605	0.0232	0.1537	0.0346	0.0346	TRUE	0.3039
LOC124805407	7	5	22	19	12	50	43	10	66	24	8	5	15	14	10	61	45	8	47	54	26.77	10	43	2.759	1.464	3.815	0.000136280349067659	0.00637676460195741	0.2657	0.3057	0.2743	0.2743	TRUE	0.7131
LOC124719969	4	5	1	10	0	8	16	31	14	83	4	5	1	8	0	10	17	26	10	188	26.79	4	50	6.298	2.655	3.808	0.000140363585474838	0.00647628780089829	1.3722	0.3056	1.0541	1.0541	TRUE	6.9648
LOC124802618	1077	990	1713	1718	1487	1188	1694	2768	2311	854	1158	1084	1177	1289	1268	1441	1757	2318	1652	1931	1507.66	1195	1820	1.411	0.497	3.805	0.000141935409376345	0.00652607184361652	0.018	0.1541	0.0298	0.0298	TRUE	0.282
LOC124798583	7	4	42	22	13	17	17	79	494	38	8	4	29	17	11	21	18	66	353	86	61.19	14	109	4.359	2.124	3.799	0.00014525284563476	0.00665549543908477	0.8633	0.2189	0.7023	0.7023	TRUE	1.2902
LOC124777594	2	1	1	5	4	4	156	2	11	8	2	1	1	4	3	5	162	2	8	18	20.54	2	39	7.133	2.835	3.798	0.000145944401993884	0.00666412334897589	1.4862	0.3525	1.2039	1.2039	TRUE	7.1359
LOC124790081	0	6	4	2	0	3	9	19	28	59	0	7	3	2	0	4	9	16	20	133	19.32	2	36	6.889	2.784	3.786	0.000153167471875405	0.00696990949338181	1.5701	0.3652	1.1664	1.1664	TRUE	3.4271
LOC124715604	527	467	913	880	579	647	912	1387	1078	373	567	512	627	660	494	785	946	1161	771	844	736.63	572	901	1.443	0.529	3.78	0.000156660015899525	0.00708017723734305	0.022	0.157	0.0348	0.0348	TRUE	0.3211
LOC124777611	12	9	17	11	9	17	28	57	33	8	13	10	12	8	8	21	29	48	24	18	18.95	10	28	2.163	1.113	3.774	0.000160634677020018	0.00723511698333021	0.0705	0.3694	0.1259	0.1259	TRUE	0.7456
LOC124721584	1516	1662	3876	3478	2093	2533	2937	6090	6061	1636	1630	1821	2664	2609	1785	3073	3047	5099	4333	3700	2976.06	2102	3850	1.597	0.676	3.767	0.000165005600768773	0.00740679378094948	0.053	0.1528	0.0642	0.0642	TRUE	0.1923
LOC124775415	79	129	128	73	126	140	152	244	261	119	85	141	88	55	107	170	158	204	187	269	146.4	95	198	1.735	0.795	3.747	0.000178980369576627	0.00784787435077381	0.0708	0.1796	0.0866	0.0866	TRUE	0.645
LOC124776461	91	94	193	106	95	140	156	193	228	121	98	103	133	80	81	170	162	162	163	274	142.39	99	186	1.611	0.688	3.738	0.000185122120977192	0.00809038655438937	0.042	0.1804	0.0615	0.0615	TRUE	0.6239
LOC124804767	99	136	151	155	142	149	193	198	237	97	106	149	104	116	121	181	200	166	169	219	153.22	119	187	1.431	0.517	3.738	0.000185752775642896	0.00809124426007639	0.0093	0.1784	0.0286	0.0286	TRUE	0.188
LOC124790026	47	57	138	75	53	92	122	153	171	43	51	62	95	56	45	112	127	128	122	97	89.51	62	117	1.628	0.703	3.727	0.000193964374434689	0.00839371322308548	0.0376	0.1975	0.0614	0.0614	TRUE	0.9017
LOC124719062	13	11	13	15	16	24	27	26	33	20	14	12	9	11	14	29	28	22	24	45	20.76	12	30	1.913	0.936	3.722	0.000197454200056119	0.00848924843228287	0	0.3504	0.0812	0.0812	TRUE	0.3047
LOC124789856	1	1	1	0	1	0	0	74	95	5	1	1	1	0	1	0	0	62	68	11	14.49	1	28	9.142	3.192	3.723	0.000197063882344067	0.00848924843228287	2.6324	0.4365	1.8043	1.8043	TRUE	0.0401
LOC124711286	21	62	52	24	44	51	55	153	203	98	23	68	36	18	38	62	57	128	145	222	79.56	37	123	2.381	1.252	3.713	0.000204486488208172	0.00870678481303093	0.2636	0.2033	0.2507	0.2507	TRUE	0.1751
LOC124796285	24	12	25	5	13	24	38	68	47	105	26	13	17	4	11	29	39	57	34	237	46.75	14	79	3.266	1.707	3.714	0.000203855284144208	0.00870678481303093	0.5712	0.2398	0.4926	0.4926	TRUE	4.3094
LOC124797903	80	103	126	154	176	169	308	200	254	244	86	113	87	116	150	205	320	167	182	552	197.65	110	285	1.999	0.999	3.711	0.00020672385255542	0.0087738373574964	0.1522	0.1723	0.1558	0.1558	TRUE	0.5771
LOC124777762	186	273	377	341	342	582	664	531	455	959	200	299	259	256	292	706	689	445	325	2169	563.93	261	867	2.351	1.233	3.708	0.000208955423134681	0.00882724639486807	0.2855	0.1587	0.2585	0.2585	TRUE	1.5017
LOC124785145	457	558	733	772	507	542	687	1041	1128	393	491	611	504	579	432	658	713	872	806	889	655.5	523	788	1.392	0.478	3.702	0.000213582049734423	0.00897858254788327	0.0155	0.1577	0.0287	0.0287	TRUE	0.1141
LOC124777754	12	15	37	40	7	23	41	115	64	117	13	16	25	30	6	28	43	96	46	265	56.78	18	96	3.106	1.635	3.702	0.000214300825499283	0.00898028965589084	0.5371	0.2241	0.4631	0.4631	TRUE	0.931
LOC124777625	27	11	4	14	12	69	653	5	25	20	29	12	3	11	10	84	677	4	18	45	89.3	13	166	5.235	2.388	3.676	0.000236896492906762	0.00965019176448911	1.5255	0.1977	1.1717	1.1717	TRUE	4.6608
LOC124785536	324	413	536	488	463	523	532	734	859	192	348	452	368	366	395	635	552	615	614	434	477.94	386	570	1.378	0.462	3.676	0.000237333603529822	0.00965019176448911	0.0132	0.16	0.0265	0.0265	TRUE	0.1877
LOC124789687	263	165	351	333	256	310	281	571	658	348	283	181	241	250	218	376	292	478	470	787	357.61	235	481	1.702	0.767	3.675	0.000238303330840352	0.00965019176448911	0.0782	0.1629	0.0912	0.0912	TRUE	0.4511
LOC124789703	19	7	32	21	25	32	46	42	68	13	20	8	22	16	21	39	48	35	49	29	28.69	17	40	1.844	0.883	3.679	0.000233948485590848	0.00965019176448911	0.0269	0.2954	0.0887	0.0887	TRUE	0.3222
LOC124799288	1011	1108	2036	1773	1444	1371	1453	2445	2428	861	1087	1214	1399	1330	1231	1663	1507	2047	1736	1947	1516.25	1252	1780	1.338	0.42	3.676	0.000237264679292977	0.00965019176448911	0.0111	0.1541	0.0221	0.0221	TRUE	0.0906
LOC124775333	542	461	1026	554	992	735	974	1700	2270	450	583	505	705	416	846	892	1010	1423	1623	1018	902.06	611	1193	1.652	0.724	3.672	0.000240454394018063	0.00970761306581461	0.0712	0.156	0.082	0.082	TRUE	0.188
LOC124776646	86	156	88	101	44	211	273	272	267	77	92	171	60	76	38	256	283	228	191	174	156.91	87	226	1.992	0.994	3.662	0.000249870951088613	0.0100266398009558	0.1592	0.1777	0.1628	0.1628	TRUE	1.1397
LOC124796319	728	634	1121	1085	947	759	1103	1479	1345	493	783	694	770	814	808	921	1144	1238	962	1115	924.93	774	1076	1.317	0.397	3.654	0.000257977593535316	0.0103206625184128	0.0087	0.1559	0.0191	0.0191	TRUE	0.0897
LOC124712551	493	456	660	569	443	678	669	863	812	510	530	500	454	427	378	823	694	723	581	1153	626.1	458	795	1.523	0.607	3.652	0.000259815758426178	0.0103628923887935	0.0405	0.158	0.0548	0.0548	TRUE	0.5379
LOC124789886	0	7	8	10	4	20	14	43	31	4	0	8	5	8	3	24	15	36	22	9	13.01	5	21	2.742	1.455	3.649	0.000263444998183861	0.0104024969542516	0.2178	0.4689	0.2985	0.2985	TRUE	0.176
LOC124796310	0	1	48	20	4	37	34	123	257	55	0	1	33	15	3	45	35	103	184	124	54.38	10	98	4.223	2.078	3.648	0.000263950987511595	0.0104024969542516	1.2076	0.2274	0.8779	0.8779	TRUE	0.5139
LOC124776322	8	9	28	16	13	32	21	23	158	20	9	10	19	12	11	39	22	19	113	45	29.88	12	48	2.539	1.344	3.646	0.000266084236376021	0.0104245191067789	0.3027	0.2896	0.3	0.3	TRUE	0.8532
LOC124775213	61	36	93	73	60	220	121	137	216	24	66	39	64	55	51	267	126	115	154	54	99.07	55	143	1.988	0.992	3.643	0.000269125378507255	0.0104556477359074	0.152	0.1931	0.1616	0.1616	TRUE	0.2681
LOC124805187	25	0	29	23	0	90	9	388	355	70	27	0	20	17	0	109	9	325	254	158	91.96	13	171	5.129	2.359	3.644	0.000268094727667061	0.0104556477359074	1.8615	0.1963	1.2251	1.2251	TRUE	0.0731
LOC124805171	50	67	81	77	59	94	121	127	147	27	54	73	56	58	50	114	126	106	105	61	80.3	58	102	1.553	0.635	3.642	0.000270126127789171	0.0104590941058017	0.0191	0.2028	0.0505	0.0505	TRUE	0.3408
LOC124717082	113	86	358	352	243	199	181	751	951	1844	122	94	246	264	207	241	188	629	680	4170	684.13	187	1182	3.372	1.754	3.64	0.000273004860313974	0.0105090998845281	0.8052	0.1574	0.639	0.639	TRUE	3.5781
LOC124776287	4	18	16	16	10	13	37	300	2	129	4	20	11	12	9	16	38	251	1	292	65.41	11	120	4.561	2.189	3.64	0.000272605288828819	0.0105090998845281	1.3096	0.2146	1.0193	1.0193	TRUE	0.0557
LOC124805331	1	0	0	4	2	11	9	7	5	17	1	0	0	3	2	13	9	6	4	38	7.63	1	14	4.674	2.225	3.635	0.000278317790316875	0.0106516883796996	0.7119	0.6924	0.7061	0.7061	TRUE	0.6525
LOC124723001	14	7	11	9	5	15	23	41	40	6	15	8	8	7	4	18	24	34	29	14	15.99	8	24	2.158	1.11	3.631	0.000282243059757556	0.0107707855830246	0.0709	0.4098	0.1512	0.1512	TRUE	0.2267
LOC124777637	19	10	7	12	22	55	49	43	92	5	20	11	5	9	19	67	51	36	66	11	29.46	13	46	2.439	1.287	3.63	0.000283583517791978	0.0107908417890844	0.2709	0.2916	0.2758	0.2758	TRUE	0.1577
LOC124721554	1767	2321	1459	1949	1545	2063	3133	4764	4440	1455	1900	2542	1003	1462	1317	2503	3250	3989	3174	3291	2443.17	1645	3241	1.652	0.724	3.628	0.000285410097422557	0.0108292278225487	0.0784	0.1531	0.087	0.087	TRUE	0.8134
LOC124777187	20	4	11	5	7	7	10	246	244	6	22	4	8	4	6	8	10	206	174	14	45.6	9	82	4.251	2.088	3.627	0.000286260204548706	0.0108304503675256	1.1509	0.242	0.9193	0.9193	TRUE	0.064
LOC124777672	4	3	1	10	0	21	157	7	14	4	4	3	1	8	0	25	163	6	10	9	22.9	3	43	5.035	2.332	3.622	0.000292690999566134	0.0110422057443155	1.4765	0.3317	1.1432	1.1432	TRUE	4.9717
LOC124802884	161	184	280	181	229	231	273	480	568	584	173	202	192	136	195	280	283	402	406	1321	359.04	180	538	2.145	1.101	3.62	0.000294171173531078	0.0110665189769845	0.2411	0.1629	0.2251	0.2251	TRUE	4.401
LOC124718949	10	17	3	21	21	22	108	44	88	14	11	19	2	16	18	27	112	37	63	32	33.52	13	54	2.616	1.388	3.617	0.000297972229550619	0.0111777571209895	0.3717	0.2746	0.3485	0.3485	TRUE	0.4115
LOC124800801	1	24	2	11	0	170	1416	6	69	8	1	26	1	8	0	206	1469	5	49	18	178.47	7	349	7.688	2.943	3.614	0.000302088556644448	0.0112921851810716	2.7914	0.1745	1.9339	2.7914	TRUE	3.1817
LOC124804986	12	12	21	17	16	25	29	37	46	7	13	13	14	13	14	30	30	31	33	16	20.7	13	28	1.747	0.805	3.609	0.000306846177588137	0.0114136434933206	0	0.351	0.0614	0.0614	TRUE	0.1703
LOC124771313	22	16	46	18	37	42	35	65	81	28	24	18	32	14	32	51	36	54	58	63	38.08	24	52	1.772	0.825	3.605	0.000311769819089556	0.011564302365221	0.0505	0.2599	0.0908	0.0908	TRUE	0.4309
LOC124794632	3860	4731	5829	6135	3472	5253	6652	8841	8542	2559	4151	5182	4006	4603	2961	6373	6901	7402	6107	5787	5347.31	4181	6514	1.418	0.503	3.602	0.00031616500072093	0.0116945724568339	0.0239	0.1522	0.0377	0.0377	TRUE	0.3309
LOC124720168	28	33	46	51	48	41	86	74	129	206	30	36	32	38	41	50	89	62	92	466	93.61	35	152	2.605	1.381	3.596	0.000323196716955915	0.0119213674816998	0.4444	0.1955	0.3879	0.3879	TRUE	6.1479
LOC124777002	19	6	2	29	8	59	704	4	17	16	20	7	1	22	7	72	730	3	12	36	91.06	11	171	5.066	2.341	3.591	0.000329291383776687	0.0121124347332525	1.8233	0.1968	1.3801	1.3801	TRUE	7.3637
LOC124795844	151	100	170	137	151	200	133	399	423	563	162	110	117	103	129	243	138	334	302	1273	291.07	124	458	2.391	1.258	3.586	0.000336338817213398	0.0123063655930929	0.3718	0.1656	0.3255	0.3255	TRUE	2.3721
LOC124799255	9	1	1	7	7	8	11	49	29	21	10	1	1	5	6	10	11	41	21	47	15.31	5	26	3.074	1.62	3.586	0.000336422318735812	0.0123063655930929	0.4939	0.4213	0.4741	0.4741	TRUE	0.1001
LOC124795649	3	0	1	0	2	11	3	24	3	16	3	0	1	0	2	13	3	20	2	36	8.05	1	15	4.781	2.257	3.584	0.000338357911010784	0.0123430728859637	0.9616	0.6645	0.871	0.871	TRUE	0.1641
LOC124777798	155	185	433	289	334	303	431	403	532	258	167	203	298	217	285	368	447	337	380	583	328.45	234	423	1.551	0.633	3.583	0.000339330427119295	0.0123445426261366	0.0485	0.164	0.0641	0.0641	TRUE	0.48
LOC124720123	30	12	23	85	31	13	59	280	182	213	32	13	16	64	26	16	61	234	130	482	107.47	30	185	3.157	1.659	3.582	0.000341227212866666	0.0123457124392907	0.7581	0.1898	0.6155	0.6155	TRUE	0.2419
LOC124803230	0	0	6	0	0	1	51	26	4	19	0	0	4	0	0	1	53	22	3	43	12.58	1	24	6.219	2.637	3.58	0.00034342021070782	0.0123912000822696	2.4753	0.4796	1.6006	1.6006	TRUE	0.4082
LOC124796020	10	12	20	16	17	32	29	82	116	3	11	13	14	12	14	39	30	69	83	7	29.14	13	46	2.343	1.228	3.565	0.00036337051293422	0.0128393847746849	0.2714	0.2931	0.2765	0.2765	TRUE	0.0663
LOC124802811	163	137	138	157	168	206	690	178	303	587	175	150	95	118	143	250	716	149	217	1328	334.02	136	532	2.443	1.289	3.563	0.000365949393764886	0.0128875783467411	0.4183	0.1638	0.3598	0.3598	TRUE	0.3221
LOC124712250	136	127	158	143	143	231	282	233	245	71	146	139	109	107	122	280	293	195	175	161	172.68	125	221	1.534	0.617	3.555	0.000378411441621238	0.0131683157412307	0.0408	0.1753	0.0595	0.0595	TRUE	0.0894
LOC124795457	122	82	142	90	75	134	253	281	145	96	131	90	98	68	64	163	262	235	104	217	143.12	90	196	1.741	0.8	3.553	0.000380367074595548	0.0131853947690949	0.0988	0.1803	0.1123	0.1123	TRUE	0.1998
LOC124788254	130	149	202	132	149	218	214	214	262	131	140	163	139	99	127	264	222	179	187	296	181.72	134	230	1.497	0.582	3.552	0.000382100422907749	0.0132108976505076	0.0333	0.1741	0.0513	0.0513	TRUE	0.1247
LOC124798416	1688	1717	2866	2705	1638	1981	2344	3661	3824	1107	1815	1881	1969	2029	1397	2403	2432	3065	2734	2504	2222.96	1818	2628	1.346	0.428	3.54	0.000400238097421517	0.0136949686978184	0.0144	0.1533	0.0266	0.0266	TRUE	0.2079
LOC124776215	117	239	195	76	94	294	325	397	411	137	126	262	134	57	80	357	337	332	294	310	228.87	132	326	1.873	0.906	3.531	0.000413306071825245	0.0139974399056519	0.1581	0.1694	0.1602	0.1602	TRUE	2.5457
LOC124795045	329	2881	2834	864	1230	2260	5593	4910	5820	5828	354	3156	1947	648	1049	2742	5802	4111	4161	13181	3715.07	1431	5999	2.502	1.323	3.532	0.000413043166415649	0.0139974399056519	0.5548	0.1525	0.4114	0.4114	TRUE	0.9389
LOC124716304	105	183	140	82	115	208	329	250	262	121	113	200	96	62	98	252	341	209	187	274	183.31	114	253	1.755	0.812	3.53	0.000415197477211708	0.0140256249827486	0.1112	0.1739	0.122	0.122	TRUE	0.8617
LOC124712049	1661	1193	6722	2068	1452	3771	4476	7364	6279	3118	1786	1307	4619	1552	1238	4575	4643	6166	4489	7052	3742.68	2100	5385	1.904	0.929	3.52	0.000431228880589167	0.0145301089993938	0.1846	0.1525	0.1784	0.1784	TRUE	2.8338
LOC124711479	7	3	4	15	7	16	15	25	20	17	8	3	3	11	6	19	16	21	14	38	13.94	6	22	2.222	1.152	3.518	0.000435568064201017	0.0146390667668778	0.1251	0.4476	0.2031	0.2031	TRUE	0.7155
LOC124798939	5	37	66	58	42	33	96	87	161	345	5	41	45	44	36	40	100	73	115	780	127.84	34	222	3.081	1.623	3.508	0.000450881831509271	0.0150392373119541	0.8665	0.1837	0.6906	0.6906	TRUE	6.4304
LOC124779545	16	12	23	26	18	27	46	74	85	5	17	13	16	20	15	33	48	62	61	11	29.55	16	43	1.954	0.967	3.501	0.000463289788049318	0.0154142798325353	0.1244	0.2912	0.1621	0.1621	TRUE	0.1592
LOC124775048	156	228	209	155	184	269	298	326	325	194	168	250	144	116	157	326	309	273	232	439	241.39	167	316	1.579	0.659	3.49	0.000482205527347447	0.0159236049704112	0.063	0.1685	0.0785	0.0785	TRUE	0.5419
LOC124805148	67	66	80	54	123	88	94	257	229	275	72	72	55	41	105	107	98	215	164	622	154.98	69	241	2.22	1.15	3.485	0.000491734497990883	0.0161576878967625	0.3491	0.1781	0.3112	0.3112	TRUE	1.4858
LOC124724712	230	336	344	312	393	348	605	577	723	161	247	368	236	234	335	422	628	483	517	364	383.49	284	483	1.482	0.568	3.474	0.000513364690968947	0.0168266713807198	0.0423	0.1622	0.0561	0.0561	TRUE	0.1998
LOC124777512	5	16	39	27	16	17	29	68	88	105	5	18	27	20	14	21	30	57	63	237	49.16	17	82	2.584	1.369	3.469	0.000521536749629305	0.0169269353887041	0.5514	0.2354	0.4766	0.4766	TRUE	1.5216
LOC124795378	40	26	55	44	76	115	96	71	82	77	43	28	38	33	65	140	100	59	59	174	73.84	41	106	1.866	0.9	3.47	0.000520534670735796	0.0169269353887041	0.1505	0.2073	0.1631	0.1631	TRUE	0.1104
LOC124711197	1012	1117	3174	1343	754	2758	2042	3313	2886	1350	1088	1224	2181	1008	643	3346	2118	2774	2063	3053	1949.83	1229	2671	1.708	0.772	3.463	0.00053346126414207	0.0171875767877598	0.131	0.1535	0.125	0.125	TRUE	0.7319
LOC124721091	0	0	0	0	0	1	5	2	3	8	0	0	0	0	0	1	5	2	2	18	2.83	0	6	5.223	2.385	3.462	0.000536686183184248	0.0172495107711791	1.332	1.6103	1.4397	1.4397	TRUE	0.9211
LOC124794797	175	191	253	240	210	196	281	275	376	115	188	209	174	180	179	238	292	230	269	260	221.89	186	258	1.305	0.384	3.457	0.000545641548143746	0.0174526216920761	0.0034	0.17	0.0178	0.0178	TRUE	0.0634
LOC124803052	1585	1437	3553	4221	2381	6531	3044	11564	12821	802	1705	1574	2442	3167	2030	7924	3158	9682	9166	1814	4266.07	2184	6349	1.999	0.999	3.454	0.000553297955570762	0.0176548711510073	0.2615	0.1524	0.2385	0.2385	TRUE	0.0855
LOC124723038	0	0	0	0	0	0	1	51	34	52	0	0	0	0	0	0	1	43	24	118	18.56	0	37	4.99	2.319	3.453	0.000555335697486026	0.0176772964089182	5.1824	0.3739	2.3071	5.1824	TRUE	0.2939
LOC124717333	13	7	18	2	8	6	17	80	27	86	14	8	12	2	7	7	18	67	19	194	34.8	9	61	3.059	1.613	3.444	0.000573546125731261	0.018169611954386	0.9149	0.2701	0.7545	0.7545	TRUE	0.6915
LOC124776928	100	117	174	144	132	173	154	196	278	177	108	128	120	108	113	210	160	164	199	400	170.87	115	227	1.596	0.674	3.437	0.000587448124474644	0.0185214001530791	0.0716	0.1756	0.0877	0.0877	TRUE	1.7801
LOC124777085	25	27	45	45	21	38	40	74	105	123	27	30	31	34	18	46	41	62	75	278	64.19	28	100	2.198	1.136	3.438	0.000586888237178687	0.0185214001530791	0.3487	0.2158	0.3199	0.3199	TRUE	3.7898
LOC124788368	35	49	47	53	36	69	57	100	87	93	38	54	32	40	31	84	59	84	62	210	69.32	39	100	1.85	0.888	3.436	0.00058934372633999	0.0185370299862094	0.1555	0.211	0.166	0.166	TRUE	2.3058
LOC124795140	136	620	794	573	338	395	258	8057	1019	2212	146	679	546	430	288	479	268	6746	729	5003	1531.3	418	2645	2.863	1.518	3.432	0.000599232343920593	0.0187589472770603	0.9225	0.1541	0.7213	0.7213	TRUE	0.0989
LOC124802407	478	659	994	1096	834	1136	879	1347	1346	889	514	722	683	822	711	1378	912	1128	962	2011	984.32	690	1278	1.545	0.627	3.426	0.00061348486427903	0.0191598268226012	0.0665	0.1556	0.0792	0.0792	TRUE	0.5392
LOC124794978	579	516	910	964	819	896	941	1080	1061	621	623	565	625	723	698	1087	976	904	759	1404	836.54	647	1026	1.412	0.498	3.423	0.000619553912983358	0.0193038421546485	0.0313	0.1563	0.0436	0.0436	TRUE	0.3318
LOC124805664	0	0	0	0	1	0	0	30	26	9	0	0	0	0	1	0	0	25	19	20	6.49	0	13	5.063	2.34	3.42	0.000626464366422876	0.0194733360097928	4.385	0.7877	2.3287	2.3287	TRUE	0.1145
LOC124795427	3	2	7	4	2	327	253	1	1	0	3	2	5	3	2	397	262	1	1	0	67.57	3	132	4.94	2.305	3.415	0.000637180043902171	0.0197600424856031	2.9205	0.2125	2.0539	2.9205	TRUE	0.1007
LOC124717035	14	12	27	28	11	10	19	99	72	92	15	13	19	21	9	12	20	83	51	208	45.14	15	75	2.468	1.303	3.401	0.000671264454686676	0.0207200091117971	0.5688	0.2429	0.4929	0.4929	TRUE	0.4534
LOC124723144	304	298	416	401	333	346	407	634	512	288	327	326	286	301	284	420	422	531	366	651	391.42	305	478	1.398	0.483	3.388	0.000703214398417137	0.0214561407000915	0.0256	0.162	0.0406	0.0406	TRUE	0.3097
LOC124789963	5	26	2	16	21	3	151	79	244	24	5	28	1	12	18	4	157	66	174	54	52.03	13	91	2.887	1.529	3.389	0.000700878223189445	0.0214561407000915	0.9923	0.2308	0.7885	0.7885	TRUE	0.0756
LOC124795034	23	46	63	44	38	39	60	96	137	94	25	50	43	33	32	47	62	80	98	213	68.43	37	100	1.879	0.91	3.389	0.000702355680832769	0.0214561407000915	0.1905	0.2118	0.1948	0.1948	TRUE	0.814
LOC124721604	712	911	782	947	690	892	862	1947	2314	1709	766	998	537	710	588	1082	894	1630	1654	3865	1272.59	720	1825	1.823	0.866	3.387	0.000706660006300609	0.0215117052952475	0.1953	0.1546	0.1874	0.1874	TRUE	1.0279
LOC124719056	4	4	0	1	7	4	4	39	23	41	4	4	0	1	6	5	4	33	16	93	16.62	3	30	3.278	1.713	3.385	0.000711508228171813	0.0215976493092471	1.2098	0.3999	0.9753	0.9753	TRUE	0.5095
LOC124796240	7	4	10	11	26	20	16	61	29	43	8	4	7	8	22	24	17	51	21	97	25.91	10	42	2.298	1.2	3.385	0.000712745261149449	0.0215976493092471	0.4072	0.3108	0.3852	0.3852	TRUE	0.3836
LOC124720442	554	695	775	1223	515	653	1165	1545	2227	2039	596	761	533	918	439	792	1209	1294	1592	4611	1274.43	649	1900	1.954	0.966	3.384	0.000714952238263506	0.0216150628746241	0.2761	0.1546	0.2503	0.2503	TRUE	2.0584
LOC124798392	38	64	61	26	45	59	104	105	108	48	41	70	42	20	38	72	108	88	77	109	66.39	42	91	1.673	0.742	3.383	0.000716743729430149	0.0216198643852256	0.0882	0.2136	0.1119	0.1119	TRUE	0.5565
LOC124721705	68	587	514	136	220	617	1771	1110	992	336	73	643	353	102	188	749	1837	929	709	760	634.33	272	997	2.168	1.116	3.381	0.000721090537752218	0.0216268816356484	0.4313	0.1579	0.3673	0.3673	TRUE	3.5344
LOC124722978	0	0	0	1	0	0	0	213	248	42	0	0	0	1	0	0	0	178	177	95	45.14	0	90	3.743	1.904	3.377	0.0007340354957744	0.0219415305531481	6.6941	0.2429	2.6563	6.6941	TRUE	0.0686
LOC124720210	73	83	125	140	72	126	126	143	199	54	79	91	86	105	61	153	131	120	142	122	108.95	84	134	1.407	0.492	3.369	0.000753183232874612	0.0223624492594745	0.0145	0.1893	0.037	0.037	TRUE	0.2355
LOC124794626	3570	3889	5306	5177	4226	3723	4903	7501	7062	2181	3839	4260	3646	3884	3604	4517	5086	6280	5049	4933	4509.81	3847	5173	1.272	0.348	3.368	0.000756924087781769	0.0223865206449079	0.0101	0.1523	0.0191	0.0191	TRUE	0.1788
LOC124794714	47	12	42	60	21	104	104	192	50	26	51	13	29	45	18	126	108	161	36	59	64.48	31	98	2.012	1.008	3.368	0.000757375113194287	0.0223865206449079	0.2854	0.2155	0.2702	0.2702	TRUE	0.0714
LOC124722044	8	20	15	7	3	30	21	31	41	17	9	22	10	5	3	36	22	26	29	38	20.05	10	30	2.012	1.008	3.367	0.000760595166630432	0.0224316285000449	0.1788	0.3574	0.2257	0.2257	TRUE	0.9673
LOC124721596	173	147	157	121	123	237	226	222	280	150	186	161	108	91	105	288	234	186	200	339	189.79	130	249	1.561	0.643	3.363	0.000770539934054885	0.0226744217927884	0.0717	0.1732	0.0873	0.0873	TRUE	0.239
LOC124776547	86	129	156	78	100	106	173	253	233	120	92	141	107	59	85	129	179	212	167	271	144.27	97	192	1.584	0.664	3.355	0.00079392675437672	0.0232078986345619	0.0788	0.18	0.0946	0.0946	TRUE	0.2412
LOC124776630	61	48	77	141	58	69	25	371	436	392	66	53	53	106	49	84	26	311	312	887	194.49	65	324	2.412	1.27	3.347	0.000816943539828829	0.0237852756213212	0.6907	0.1726	0.5617	0.5617	TRUE	0.3953
LOC124777254	47	57	51	30	48	33	94	148	159	59	51	62	35	23	41	40	98	124	114	133	72	42	102	1.759	0.815	3.347	0.000817270835802836	0.0237852756213212	0.1447	0.2088	0.1571	0.1571	TRUE	0.5933
LOC124798325	5013	1617	2386	1962	406	11774	10436	18447	9700	705	5391	1771	1640	1472	346	14284	10826	15445	6935	1594	5970.53	2124	9817	2.343	1.228	3.345	0.000821962417121149	0.0238207855250535	0.5714	0.1521	0.5233	0.5233	TRUE	0.4274
LOC124712088	16	53	41	43	20	65	71	55	96	56	17	58	28	32	17	79	74	46	69	127	54.66	30	79	1.806	0.853	3.341	0.000836060555915285	0.0240676388726744	0.1624	0.227	0.1757	0.1757	TRUE	0.6546
LOC124717276	5	4	9	19	15	7	63	26	29	30	5	4	6	14	13	8	65	22	21	68	22.72	8	37	2.242	1.165	3.341	0.000835479310787727	0.0240676388726744	0.408	0.3332	0.3913	0.3913	TRUE	0.0475
LOC124777169	9	24	34	29	23	23	17	108	130	46	10	26	23	22	20	28	18	90	93	104	43.36	20	67	2.015	1.011	3.33	0.000867800445963444	0.0247630244736601	0.2998	0.2467	0.2882	0.2882	TRUE	0.0756
LOC124788421	87	262	213	219	213	288	571	402	495	111	94	287	146	164	182	349	592	337	354	251	275.61	175	377	1.655	0.727	3.329	0.000872565640246465	0.0247840384755514	0.1222	0.1664	0.13	0.13	TRUE	0.8181
LOC124800364	95	106	203	129	128	154	194	324	167	101	102	116	139	97	109	187	201	271	119	228	157.09	113	201	1.493	0.578	3.328	0.000874048177622906	0.0247840384755514	0.051	0.1777	0.0681	0.0681	TRUE	0.2113
LOC124795113	170	193	255	181	184	196	222	322	434	200	183	211	175	136	157	238	230	270	310	452	236.25	172	300	1.471	0.557	3.327	0.000878997990061456	0.0248711354367389	0.0469	0.1689	0.0637	0.0637	TRUE	0.7355
LOC124712021	3	12	12	13	7	14	20	21	34	10	3	13	8	10	6	17	21	18	24	23	14.26	8	21	1.786	0.837	3.324	0.000886159816938143	0.0250174435191841	0	0.4411	0.1122	0.1122	TRUE	0.2954
LOC124723088	0	0	0	0	0	0	0	13	19	15	0	0	0	0	0	0	0	11	14	34	5.84	0	12	4.095	2.034	3.324	0.000887947323215265	0.0250174435191841	8.0774	0.8588	3.0761	3.0761	TRUE	0.1888
LOC124789467	385	591	656	578	612	654	810	1253	991	1347	414	647	451	434	522	793	840	1049	708	3046	890.54	494	1287	1.811	0.857	3.322	0.000893624317235669	0.0250906401831013	0.219	0.156	0.2064	0.2064	TRUE	5.3624
LOC124795460	37	26	90	191	183	76	85	202	456	1075	40	28	62	143	156	92	88	169	326	2431	353.62	86	621	2.731	1.449	3.321	0.000896527217081147	0.0250989712655149	1.138	0.1631	0.8794	0.8794	TRUE	6.7866
LOC124777204	624	828	4595	2457	1020	3043	1971	7113	6288	2281	671	907	3158	1843	870	3692	2045	5955	4495	5159	2879.5	1490	4269	1.89	0.918	3.32	0.000899592937501259	0.0251316659881681	0.3032	0.1528	0.2508	0.2508	TRUE	0.782
LOC124777722	8	10	12	14	14	13	12	58	59	11	9	11	8	11	12	16	12	49	42	25	19.41	10	29	1.893	0.921	3.306	0.000947119935747378	0.0261832196016008	0.158	0.3642	0.1971	0.1971	TRUE	0.079
LOC124776010	7	6	6	12	10	7	23	26	20	37	8	7	4	9	9	8	24	22	14	84	18.79	7	30	2.174	1.12	3.3	0.000967385927335597	0.0264411953134928	0.3792	0.3713	0.3776	0.3776	TRUE	1.3938
LOC124777456	1	0	4	12	2	18	36	5	7	25	1	0	3	9	2	22	37	4	5	57	13.94	3	25	2.793	1.482	3.301	0.000963826709794644	0.0264411953134928	0.9948	0.4476	0.8405	0.8405	TRUE	0.2369
LOC124789735	231	220	315	216	214	221	321	405	468	128	248	241	216	162	182	268	333	339	335	289	261.47	210	313	1.354	0.438	3.3	0.000968432240374868	0.0264411953134928	0.0174	0.1672	0.0333	0.0333	TRUE	0.1894
LOC124711957	0	0	0	0	0	0	2	18	10	2	0	0	0	0	0	0	2	15	7	5	2.88	0	6	3.808	1.929	3.296	0.000980931890618724	0.0266724847958381	2.1741	1.5848	1.8645	1.8645	TRUE	0.1752
LOC124789869	10	3	0	3	5	7	16	22	68	8	11	3	0	2	4	8	17	18	49	18	13.08	4	22	2.429	1.28	3.292	0.000993666162741596	0.0269082358425853	0.5815	0.4673	0.5479	0.5479	TRUE	0.8569
LOC124796276	12	14	15	35	22	89	18	9	228	43	13	15	10	26	19	108	19	8	163	97	47.8	17	79	2.245	1.166	3.271	0.00107022519588382	0.0288047196014097	0.6152	0.2378	0.5267	0.5267	TRUE	0.0768
LOC124789858	1	1	1	2	1	4	6	9	16	1	1	1	1	2	1	5	6	8	11	2	3.75	1	6	2.516	1.331	3.267	0.00108613854336176	0.0291737253371123	0	1.2522	0.3308	0.3308	TRUE	0.1275
LOC124805413	0	3	1	5	1	1	26	16	4	19	0	3	1	4	1	1	27	13	3	43	9.6	2	17	2.854	1.513	3.266	0.00109232818349051	0.0292805866513793	1.0875	0.5817	0.9467	0.9467	TRUE	0.1035
LOC124789689	220	173	259	283	193	241	299	294	369	129	237	190	178	212	165	292	310	246	264	292	238.53	196	281	1.315	0.396	3.259	0.00111631726498369	0.0298631782281092	0.0104	0.1687	0.0258	0.0258	TRUE	0.1415
LOC124720038	26	76	184	43	36	67	201	185	228	169	28	83	126	32	31	81	209	155	163	382	129.05	60	198	1.941	0.957	3.251	0.00114810683907743	0.0304191655920964	0.3631	0.1834	0.3226	0.3226	TRUE	0.4915
LOC124721454	121	128	144	163	165	171	260	184	233	108	130	140	99	122	141	207	270	154	167	244	167.44	126	208	1.418	0.504	3.251	0.00114812780679178	0.0304191655920964	0.0341	0.1761	0.0518	0.0518	TRUE	0.1149
LOC124795954	4	1	3	6	2	1	2	99	5	27	4	1	2	5	2	1	2	83	4	61	16.45	3	30	2.877	1.525	3.251	0.00115105178807538	0.030423608338711	1.4261	0.4025	1.1738	1.1738	TRUE	0.0919
LOC124798809	4	20	30	17	16	18	39	75	49	16	4	22	21	13	14	22	40	63	35	36	26.95	15	39	1.79	0.84	3.249	0.00115811892939972	0.03048868958869	0.1503	0.3046	0.1857	0.1857	TRUE	0.2904
LOC124777619	10	14	3	6	7	19	8	14	57	64	11	15	2	5	6	23	8	12	41	145	26.72	8	46	2.379	1.25	3.245	0.00117491572763136	0.0308083842877119	0.7942	0.306	0.6781	0.6781	TRUE	1.1683
LOC124719067	4	1	3	4	4	3	13	18	17	4	4	1	2	3	3	4	13	15	12	9	6.73	3	11	2.067	1.048	3.242	0.0011887159634511	0.0309861747795659	0	0.7655	0.2376	0.2376	TRUE	0.2514
LOC124780975	69	261	223	102	173	312	875	669	649	46	74	286	153	77	148	379	908	560	464	104	315.18	148	483	1.929	0.948	3.237	0.00120667570143787	0.0313890299241779	0.3826	0.1645	0.3324	0.3324	TRUE	0.1472
LOC124794987	298	296	508	413	417	503	580	470	528	273	320	324	349	310	356	610	602	394	377	617	425.96	332	520	1.379	0.464	3.237	0.00120891143794976	0.0313890299241779	0.0304	0.1611	0.0449	0.0449	TRUE	0.1082
LOC124720246	13	1	3	13	1	25	19	27	20	21	14	1	2	10	1	30	20	23	14	47	16.22	6	27	2.207	1.142	3.236	0.00121141871113287	0.031392576463447	0.5203	0.4061	0.4869	0.4869	TRUE	0.6866
LOC124716826	9	11	14	20	13	17	37	40	33	6	10	12	10	15	11	21	38	33	24	14	18.71	12	26	1.669	0.739	3.232	0.00122761445237215	0.0316265964558599	0.0394	0.3722	0.1083	0.1083	TRUE	0.0783
LOC124788385	1	0	2	1	0	0	2	6	16	22	1	0	1	1	0	0	2	5	11	50	7.15	1	14	3.183	1.67	3.233	0.00122395128703423	0.0316265964558599	1.7938	0.7292	1.4382	1.4382	TRUE	1.0654
LOC124788415	0	1	1	2	1	0	0	26	44	11	0	1	1	2	1	0	0	22	31	25	8.22	1	16	3.131	1.647	3.23	0.00123589010313745	0.0317779742635847	0	0.6537	1.4813	1.4813	TRUE	0.0322
LOC124716906	87	111	131	179	144	136	216	222	245	269	94	122	90	134	123	165	224	186	175	608	192.07	113	272	1.693	0.759	3.224	0.00126427802745207	0.0323196325087266	0.1795	0.1729	0.1782	0.1782	TRUE	4.9192
LOC124777855	2	5	8	3	8	3	11	26	25	20	2	5	5	2	7	4	11	22	18	45	12.21	4	20	2.114	1.08	3.222	0.00127188337083368	0.0324210731756447	0.3618	0.4896	0.3921	0.3921	TRUE	0.2327
LOC124794933	34	63	55	41	50	83	101	135	149	16	37	69	38	31	43	101	105	113	107	36	67.8	44	92	1.614	0.691	3.219	0.00128717147083673	0.032652729150996	0.1058	0.2123	0.1271	0.1271	TRUE	0.8194
LOC124777364	2	0	1	2	1	4	5	7	18	2	2	0	1	2	1	5	5	6	13	5	3.85	1	7	2.405	1.266	3.215	0.0013059028562448	0.0328759802707103	0	1.2247	0.3676	0.3676	TRUE	0.9824
LOC124789691	254	241	395	325	351	287	421	488	609	417	273	264	271	244	299	348	437	409	435	943	392.37	270	514	1.515	0.599	3.215	0.00130471360916824	0.0328759802707103	0.0838	0.1619	0.096	0.096	TRUE	2.4121
LOC124777771	1	1	10	11	8	2	17	26	98	14	1	1	7	8	7	2	18	22	70	32	16.77	5	29	2.3	1.202	3.209	0.00132997087818666	0.0332068164415066	0.7336	0.3977	0.6452	0.6452	TRUE	0.2798
LOC124777963	10	5	24	9	10	25	30	70	29	4	11	5	16	7	9	30	31	59	21	9	19.78	10	30	1.877	0.908	3.211	0.00132281008068443	0.0332068164415066	0.2243	0.3602	0.2544	0.2544	TRUE	0.2321
LOC124789564	572	657	1209	914	1068	859	1044	1722	1663	1376	615	720	831	686	911	1042	1083	1442	1189	3112	1162.99	753	1574	1.584	0.664	3.209	0.00133158280701103	0.0332068164415066	0.1256	0.1549	0.1307	0.1307	TRUE	3.0908
LOC124711660	105	455	831	899	608	261	468	1823	1644	5023	113	498	571	674	518	317	486	1526	1175	11360	1723.91	475	2973	2.346	1.23	3.208	0.00133604092168054	0.033255364445289	1.0545	0.1538	0.8153	0.8153	TRUE	5.396
LOC124795542	215	249	330	280	269	285	326	371	377	153	231	273	227	210	229	346	338	311	270	346	278.03	234	322	1.279	0.355	3.206	0.00134823129703664	0.0334958327117432	0.0071	0.1663	0.0207	0.0207	TRUE	0.1034
LOC124774946	1	0	0	0	0	0	1	5	12	11	1	0	0	0	0	0	1	4	9	25	3.98	0	8	3.181	1.67	3.204	0.00135508797501517	0.0336031366388594	2.2605	1.1904	1.7966	1.7966	TRUE	0.381
LOC124776128	1098	1313	1897	1390	1562	1475	1607	2649	2880	2091	1181	1438	1304	1043	1332	1789	1667	2218	2059	4729	1876	1260	2492	1.542	0.625	3.203	0.00136184419204927	0.0336730801388773	0.1048	0.1536	0.1127	0.1127	TRUE	3.0685
LOC124777181	28	31	73	132	75	51	50	190	246	388	30	34	50	99	64	62	52	159	176	877	160.34	55	265	2.146	1.102	3.202	0.00136299433276229	0.0336730801388773	0.717	0.1772	0.5829	0.5829	TRUE	2.5742
LOC124787635	388	725	373	702	375	618	3149	2363	3078	98	417	794	256	527	320	750	3267	1978	2201	222	1073.14	463	1684	1.965	0.975	3.202	0.00136637117238279	0.0336936444407688	0.4844	0.1552	0.4057	0.4057	TRUE	0.082
LOC124717250	66	44	154	81	66	124	86	144	169	70	71	48	106	61	56	150	89	121	121	158	98.14	68	128	1.493	0.579	3.199	0.0013810643863417	0.0339926665500685	0.0606	0.1935	0.0814	0.0814	TRUE	0.5899
LOC124776877	27	53	39	55	70	112	148	100	155	16	29	58	27	41	60	136	154	84	111	36	73.5	43	104	1.691	0.758	3.196	0.00139317032643466	0.0342270157006453	0.1717	0.2076	0.1791	0.1791	TRUE	0.163
LOC124711182	335	487	632	288	394	725	729	674	675	379	360	533	434	216	336	880	756	564	483	857	542	376	708	1.505	0.589	3.195	0.00139595856480752	0.0342320061392243	0.0842	0.159	0.0958	0.0958	TRUE	0.2007
LOC124788096	442	384	688	1018	484	1013	910	1146	1242	245	475	421	473	764	413	1229	944	959	888	554	711.98	509	915	1.471	0.557	3.191	0.00142003176125837	0.0346299458242786	0.0735	0.1572	0.0831	0.0831	TRUE	0.3492
LOC124798671	0	2	2	6	0	4	20	11	8	6	0	2	1	5	0	5	21	9	6	14	6.22	2	11	2.328	1.219	3.191	0.00141749952758631	0.0346299458242786	0.3958	0.8158	0.5308	0.5308	TRUE	0.4471
LOC124717288	3	21	39	21	34	51	82	66	57	15	3	23	27	16	29	62	85	55	41	34	37.47	20	55	1.782	0.833	3.182	0.00146237550271477	0.0354666234559504	0.2236	0.2616	0.2333	0.2333	TRUE	0.3676
LOC124789692	48	34	59	57	92	69	73	94	172	114	52	37	41	43	78	84	76	79	123	258	86.96	50	124	1.681	0.749	3.177	0.00148740785377257	0.0360077784271597	0.18	0.1989	0.1837	0.1837	TRUE	1.4497
LOC124802648	666	581	905	844	965	1120	630	1966	1423	1230	716	636	622	633	823	1359	654	1646	1017	2782	1088.82	686	1492	1.599	0.677	3.175	0.00149851914809896	0.0362105667137343	0.1543	0.1552	0.1481	0.1481	TRUE	0.3322
LOC124721545	852	822	1244	1851	1008	1175	1488	2136	1736	1160	916	900	855	1389	860	1426	1544	1788	1241	2623	1354.2	984	1724	1.448	0.535	3.171	0.00151689681195802	0.0365656732305199	0.0645	0.1544	0.0771	0.0771	TRUE	0.6669
LOC124798629	319	142	266	178	124	183	131	784	1428	490	343	156	183	134	106	222	136	656	1021	1108	406.41	184	629	1.893	0.92	3.17	0.00152200940643915	0.0365779465699949	0.4355	0.1616	0.3716	0.3716	TRUE	0.0567
LOC124716943	126	122	220	134	148	181	158	231	260	146	136	134	151	101	126	220	164	193	186	330	174	130	219	1.417	0.503	3.168	0.00153372594742787	0.0365989646615945	0.0415	0.1751	0.0599	0.0599	TRUE	0.766
LOC124794839	0	3	11	10	3	10	7	23	29	15	0	3	8	8	3	12	7	19	21	34	11.42	4	19	2.02	1.014	3.168	0.00153393938885251	0.0365989646615945	0.3244	0.5131	0.3816	0.3816	TRUE	0.1688
LOC124801607	20	31	60	58	35	52	54	62	81	38	22	34	41	44	30	63	56	52	58	86	48.49	34	63	1.468	0.554	3.169	0.00152852275355225	0.0365989646615945	0.026	0.2366	0.0641	0.0641	TRUE	0.2795
LOC124777878	1	2	5	1	3	1	11	23	23	3	1	2	3	1	3	1	11	19	16	7	6.51	2	11	2.186	1.128	3.164	0.0015585077618484	0.0370516333615737	0	0.7857	0.47	0.47	TRUE	0.082
LOC124788654	1	1	7	11	9	7	15	32	40	5	1	1	5	8	8	8	16	27	29	11	11.37	5	18	1.969	0.978	3.164	0.00155766083057235	0.0370516333615737	0.2733	0.5148	0.3402	0.3402	TRUE	0.0861
LOC124777023	47	387	212	98	95	300	1372	542	472	177	51	424	146	74	81	364	1423	454	337	400	375.35	155	596	1.958	0.969	3.162	0.00156469971646994	0.0371321749919263	0.5427	0.1624	0.4503	0.4503	TRUE	9.9902
LOC124795413	146	227	232	143	172	229	298	402	455	86	157	249	159	107	147	278	309	337	325	194	226.24	164	289	1.454	0.54	3.157	0.00159464015118222	0.0377075444320623	0.0614	0.1697	0.0775	0.0775	TRUE	0.8894
LOC124719813	1	0	4	0	0	4	3	4	16	11	1	0	3	0	0	5	3	3	11	25	5.15	1	9	2.561	1.357	3.151	0.00162795447874898	0.0382901833172184	0.8306	0.9542	0.8727	0.8727	TRUE	0.6201
LOC124711754	1516	2596	3292	4235	482	2439	3535	9632	12188	3196	1630	2844	2262	3177	411	2959	3667	8064	8713	7228	4095.69	2065	6126	1.788	0.838	3.149	0.00163987992716924	0.038502287226197	0.3397	0.1524	0.2979	0.2979	TRUE	0.1715
LOC124711658	239	278	341	343	334	298	302	557	558	290	257	305	234	257	285	362	313	466	399	656	353.4	268	439	1.398	0.483	3.147	0.0016474432114493	0.0385431855229887	0.0424	0.1631	0.058	0.058	TRUE	0.4892
LOC124802457	1147	1244	2174	2371	1286	1289	1965	3402	3271	999	1234	1363	1494	1779	1097	1564	2039	2848	2339	2259	1801.42	1393	2210	1.377	0.462	3.148	0.00164639681406165	0.0385431855229887	0.0392	0.1537	0.0531	0.0531	TRUE	0.1551
LOC124712350	9	19	15	12	3	33	68	37	21	9	10	21	10	9	3	40	71	31	15	20	22.93	11	35	1.87	0.903	3.144	0.00166768262749144	0.0389478895118901	0.3226	0.3315	0.3246	0.3246	TRUE	0.3123
LOC124803040	149	41	71	50	63	34	86	432	568	216	160	45	49	38	54	41	89	362	406	489	173.19	69	277	1.96	0.971	3.142	0.00167749802376654	0.039108149349853	0.5801	0.1752	0.4817	0.4817	TRUE	0.1391
LOC124791229	43	50	63	23	28	56	84	79	91	55	46	55	43	17	24	68	87	66	65	124	59.61	37	82	1.596	0.674	3.141	0.00168298687089967	0.0391671566686351	0.1195	0.2207	0.1391	0.1391	TRUE	0.457
LOC124711968	11	10	7	54	4	20	92	30	49	86	12	11	5	41	3	24	95	25	35	194	44.59	14	75	2.092	1.065	3.134	0.0017251993755027	0.0399389687594525	0.7806	0.244	0.6483	0.6483	TRUE	0.4895
LOC124790115	6	5	1	19	23	8	31	36	48	73	6	5	1	14	20	10	32	30	34	165	31.79	9	54	2.143	1.1	3.129	0.00175626097857023	0.040350446001842	0.879	0.2813	0.7235	0.7235	TRUE	1.9905
LOC124791793	57	89	99	78	73	95	132	136	119	107	61	97	68	59	62	115	137	114	85	242	104.07	69	139	1.517	0.601	3.126	0.00177039791021524	0.040350446001842	0.0904	0.1911	0.1074	0.1074	TRUE	0.8238
LOC124798250	32	29	138	136	58	61	261	208	316	46	34	32	95	102	49	74	271	174	226	104	116.14	62	170	1.718	0.781	3.126	0.00177037855142113	0.040350446001842	0.2594	0.187	0.2441	0.2441	TRUE	0.0823
LOC124802445	782	1070	1297	1236	935	1228	1205	1667	1710	1120	841	1172	891	927	797	1490	1250	1396	1223	2533	1252.01	926	1578	1.421	0.507	3.126	0.00176983371907308	0.040350446001842	0.0585	0.1547	0.0716	0.0716	TRUE	1.3717
LOC124723019	64600	74528	96183	92189	63719	72273	84203	127451	119437	47246	69474	81638	66096	69166	54335	87683	87353	106709	85388	106851	81469.34	68142	94797	1.282	0.359	3.118	0.00182027253689253	0.0412035024504801	0.0169	0.1514	0.028	0.028	TRUE	0.1603
LOC124805030	749	620	1010	920	962	855	1225	988	1302	543	806	679	694	690	820	1037	1271	827	931	1228	898.35	738	1059	1.303	0.382	3.113	0.00185165459353835	0.0417710564354937	0.019	0.156	0.0322	0.0322	TRUE	0.1132
LOC124777528	56	53	3	111	44	64	1081	41	303	72	60	58	2	83	38	78	1121	34	217	163	185.4	48	323	2.195	1.134	3.113	0.00185508034768822	0.0417771666055908	1.2019	0.1737	0.922	0.922	TRUE	2.2586
LOC124790046	24	49	54	47	93	51	60	152	182	80	26	54	37	35	79	62	62	127	130	181	79.36	46	112	1.639	0.713	3.109	0.00187935232661116	0.0421803110321779	0.1862	0.2034	0.1872	0.1872	TRUE	0.1787
LOC124776506	3100	11809	10471	10602	3936	16253	14859	30267	20859	4261	3334	12936	7196	7954	3356	19718	15415	25341	14913	9637	11979.95	6955	17005	1.643	0.717	3.105	0.0018998465691594	0.0425445456887984	0.2221	0.1517	0.2071	0.2071	TRUE	0.4312
LOC124789209	3	0	3	6	11	9	2	7	31	67	3	0	2	5	9	11	2	6	22	152	21.17	4	39	2.365	1.242	3.105	0.00190362665708587	0.0425445456887984	1.568	0.3465	1.2219	1.2219	TRUE	3.7352
LOC124776028	240	337	335	320	55	478	413	950	739	252	258	369	230	240	47	580	428	795	528	570	404.65	229	580	1.664	0.734	3.102	0.00192049351544033	0.0428134261472406	0.2384	0.1616	0.2223	0.2223	TRUE	1.3841
LOC124717067	44	50	51	58	25	71	70	92	87	29	47	55	35	44	21	86	73	77	62	66	56.55	40	73	1.456	0.542	3.101	0.00192567337263611	0.0428567509251216	0.0402	0.2244	0.0732	0.0732	TRUE	0.567
LOC124777757	0	0	9	0	2	2	4	27	22	24	0	0	6	0	2	2	4	23	16	54	10.71	2	20	2.43	1.281	3.101	0.00192939748805333	0.0428675864711447	1.7266	0.5372	1.2796	1.2796	TRUE	0.638
LOC124718598	0	1	1	0	2	2	4	6	2	17	0	1	1	0	2	2	4	5	1	38	5.5	1	10	2.492	1.317	3.099	0.00194330027536184	0.0430642131625599	1.201	0.9029	1.1212	1.1212	TRUE	4.4155
LOC124805010	41	49	46	18	39	30	48	236	182	46	44	54	32	14	33	36	50	198	130	104	69.41	35	104	1.749	0.806	3.099	0.00194475150817179	0.0430642131625599	0.3098	0.2109	0.2885	0.2885	TRUE	0.1523
LOC124805744	55	21	74	47	54	48	47	129	168	94	59	23	51	35	46	58	49	108	120	213	76.2	43	110	1.658	0.729	3.095	0.00197059820698895	0.0434911024282462	0.2113	0.2056	0.2094	0.2094	TRUE	0.2961
LOC124795583	1	2	3	4	0	15	5	22	17	0	1	2	2	3	0	18	5	18	12	0	6.23	2	11	2.148	1.103	3.093	0.00197917800749882	0.0435353408227564	0.5044	0.8146	0.6137	0.6137	TRUE	0.0667
LOC124805066	130	125	119	230	144	163	181	265	393	87	140	137	82	173	123	198	188	222	281	197	173.9	131	217	1.401	0.486	3.093	0.00197909080572069	0.0435353408227564	0.0445	0.1752	0.0621	0.0621	TRUE	0.4994
LOC124711507	104	90	167	168	209	108	183	298	399	208	112	99	115	126	178	131	190	250	285	470	195.55	126	265	1.543	0.626	3.09	0.00200151770971503	0.0438809561457722	0.1299	0.1725	0.1376	0.1376	TRUE	0.3321
LOC124711554	730	613	1458	963	853	740	823	2202	2367	1218	785	671	1002	723	727	898	854	1844	1692	2755	1195.04	782	1609	1.531	0.615	3.09	0.00200099526598114	0.0438809561457722	0.131	0.1549	0.1351	0.1351	TRUE	0.2114
LOC124718932	94	109	173	134	98	160	139	178	205	146	101	119	119	101	84	194	144	149	147	330	148.76	105	193	1.455	0.541	3.086	0.00202773550232525	0.0442360354559983	0.0701	0.1792	0.0871	0.0871	TRUE	1.4776
LOC124790095	0	2	0	1	3	2	12	4	7	12	0	2	0	1	3	2	12	3	5	27	5.59	1	10	2.251	1.171	3.075	0.00210813324295071	0.0455981817869935	0.7664	0.8908	0.8032	0.8032	TRUE	0.3333
LOC124796406	2	3	4	10	6	11	0	35	9	64	2	3	3	8	5	13	0	29	6	145	21.46	4	39	2.255	1.173	3.074	0.00211427908300967	0.0455981817869935	1.4998	0.3439	1.1709	1.1709	TRUE	1.61
LOC124799220	1	6	10	0	8	6	21	53	10	18	1	7	7	0	7	7	22	44	7	41	14.26	4	24	2.042	1.03	3.075	0.00210170346079522	0.0455981817869935	0.7536	0.441	0.6601	0.6601	TRUE	0.0635
LOC124789523	285	492	600	489	449	271	1006	1644	1356	268	307	539	412	367	383	329	1044	1376	969	606	633.19	402	865	1.552	0.635	3.071	0.00213666138804573	0.0459312826306843	0.154	0.1579	0.1548	0.1548	TRUE	0.1099
LOC124789927	86	158	275	166	97	149	295	401	278	110	92	173	189	125	83	181	306	336	199	249	193.19	132	254	1.482	0.568	3.071	0.00213472757714545	0.0459312826306843	0.0914	0.1728	0.1068	0.1068	TRUE	0.163
LOC124776022	93	152	175	101	106	167	192	206	261	69	100	167	120	76	90	203	199	172	187	156	146.99	111	183	1.395	0.48	3.064	0.00218595263918593	0.046629676481486	0.0427	0.1795	0.0623	0.0623	TRUE	0.783
LOC124802832	2	0	6	2	1	2	0	36	57	8	2	0	4	2	1	2	0	30	41	18	10	2	18	2.273	1.184	3.06	0.00221431234648186	0.0471413570612746	1.465	0.5643	1.1796	1.1796	TRUE	0.0686
LOC124722421	2	4	5	4	5	3	6	21	9	29	2	4	3	3	4	4	6	18	6	66	11.67	3	20	1.996	0.997	3.05	0.00228479563643998	0.0483328719093353	0.6598	0.5053	0.6264	0.6264	TRUE	1.5189
LOC124787950	208	352	422	298	284	437	474	457	441	312	224	386	290	224	242	530	492	383	315	706	379.05	273	485	1.429	0.515	3.049	0.00229560360354949	0.0484050683410865	0.0717	0.1623	0.0851	0.0851	TRUE	0.2105
LOC124721844	2	1	1	2	11	14	8	12	13	13	2	1	1	2	9	17	8	10	9	29	8.88	3	15	1.93	0.948	3.045	0.00232319570444401	0.0487566593621011	0.4287	0.6163	0.4794	0.4794	TRUE	1.3856
LOC124805064	18	29	36	31	37	32	43	43	80	44	19	32	25	23	32	39	45	36	57	100	40.68	26	55	1.517	0.602	3.045	0.00232332367146094	0.0487566593621011	0.0816	0.2529	0.1137	0.1137	TRUE	0.7262
LOC124720094	0	11	13	0	8	32	37	68	53	2	0	12	9	0	7	39	38	57	38	5	20.44	6	35	2.049	1.035	3.045	0.00232746222237968	0.0487662258682781	1.1366	0.3535	0.8341	0.8341	TRUE	0.307
LOC124802772	47	47	100	57	92	72	91	108	136	86	51	51	69	43	78	87	94	90	97	194	85.59	58	112	1.467	0.553	3.038	0.00238170775987242	0.0496670459153238	0.0781	0.1997	0.0987	0.0987	TRUE	1.2847
LOC124776922	147	176	226	211	252	159	210	475	491	345	158	193	155	158	215	193	218	398	351	780	281.91	176	388	1.548	0.631	3.034	0.00241535852286467	0.0499752774371469	0.1641	0.1661	0.1644	0.1644	TRUE	0.6036
LOC124782868	113	125	186	110	157	151	167	215	244	148	122	137	128	83	134	183	173	180	174	335	164.83	121	209	1.408	0.494	3.033	0.00241940991199358	0.049981007885521	0.0555	0.1765	0.0735	0.0735	TRUE	1.0592
